7490 4 1 2 
904 3 1 2 
509 4 1 2 
1122 3 1 2 
444 4 1 2 
4530 7 3 
13492 3 1 2 
885 2 1 1 
623 7 3 
5006 2 1 1 
5708 2 1 1 
2941 3 1 2 
1346 7 3 
1723 2 1 1 
1022 3 1 1 
2582 3 1 1 
1436 3 1 1 
6291 3 1 1 
1945 7 3 
6114 2 1 1 
1171 2 1 1 
2219 3 1 1 
1398 3 1 1 
1443 3 1 1 
555 2 1 1 
939 3 1 1 
1161 7 3 
352 3 1 1 
1514 3 1 1 
374 3 1 1 
3194 2 1 1 
918 3 1 1 
932 3 1 1 
991 3 1 1 
1082 3 1 1 
945 3 1 1 
187 2 1 1 
184 3 1 1 
927 2 1 1 
3399 7 3 
4800 3 1 1 
419 4 1 1 
1386 2 1 1 
4324 3 1 1 
821 3 1 1 
1051 3 1 1 
210 3 1 1 
1446 2 1 1 
543 7 3 
3744 3 1 1 
2977 4 1 1 
1650 3 1 1 
183 3 1 1 
742 4 1 1 
544 3 1 1 
1645 2 1 1 
184 3 1 1 
1290 3 1 1 
987 3 1 1 
1055 7 3 
614 3 1 1 
1183 3 1 1 
468 2 1 1 
621 3 1 1 
310 3 1 1 
352 2 1 1 
1263 3 1 1 
1530 3 1 1 
928 2 1 1 
4311 2 1 1 
3380 3 1 2 
40 7 3 
3123 4 1 1 
1109 2 1 1 
734 4 1 1 
6162 3 1 1 
3872 7 3 
310 4 1 1 
369 4 1 1 
1822 4 1 1 
732 3 1 1 
1463 2 1 1 
5981 3 1 1 
570 3 1 1 
949 2 1 1 
379 3 1 1 
760 3 1 1 
759 3 1 1 
759 3 1 1 
144 7 3 
45 2 1 1 
748 2 1 1 
741 3 1 1 
743 3 1 1 
938 3 1 1 
374 3 1 1 
750 3 1 1 
757 3 1 1 
764 3 1 1 
185 3 1 1 
798 2 1 1 
729 2 1 1 
768 2 1 1 
193 3 1 1 
1370 3 1 2 
815 3 1 2 
817 3 1 2 
413 4 1 1 
2301 3 1 1 
751 7 3 
404 2 1 1 
1146 3 1 1 
372 2 1 1 
559 3 1 1 
1009 3 1 1 
740 3 1 1 
1 4 1 1 
139 3 1 1 
777 3 1 1 
391 2 1 1 
257 2 1 1 
652 2 1 1 
1370 4 1 1 
968 2 1 1 
1349 3 1 1 
159 3 1 1 
4705 7 3 
392 2 1 1 
506 3 1 1 
3448 3 1 1 
2943 3 1 1 
3118 3 1 1 
1025 2 1 1 
1546 3 1 1 
1220 3 1 1 
521 3 1 1 
281 7 3 
586 3 1 1 
344 3 1 1 
515 3 1 1 
538 2 1 1 
494 3 1 1 
797 3 1 1 
551 4 1 1 
131 3 1 1 
251 2 1 1 
615 2 1 1 
620 2 1 1 
719 2 1 1 
123 2 1 1 
1088 3 1 1 
699 3 1 1 
260 4 1 1 
565 3 1 1 
746 3 1 1 
1312 2 1 1 
1067 4 1 1 
359 2 1 1 
904 3 1 1 
1716 7 3 
3224 2 1 1 
890 3 1 1 
2 4 1 1 
176 2 1 1 
180 2 1 1 
716 2 1 1 
723 4 1 1 
904 3 1 1 
1094 3 1 1 
183 3 1 1 
718 3 1 1 
946 3 1 1 
339 3 1 1 
842 3 1 1 
336 3 1 1 
3726 7 3 
1288 3 1 1 
3 4 1 1 
6888 3 1 1 
2485 3 1 1 
757 3 1 1 
758 4 1 1 
1459 2 1 1 
876 3 1 1 
486 7 3 
167 4 1 1 
386 4 1 1 
2393 2 1 1 
4816 2 1 1 
1068 2 1 1 
5594 2 1 1 
576 7 3 
2236 4 1 1 
2392 4 1 1 
3096 4 1 1 
7276 7 3 
81 2 1 1 
2211 4 1 1 
378 4 1 1 
1495 4 1 1 
369 2 1 1 
4370 2 1 1 
1788 4 1 1 
180 3 1 1 
884 4 1 1 
706 4 1 1 
1801 4 1 1 
738 7 3 
1066 2 1 1 
2566 3 1 2 
674 3 1 2 
672 3 1 2 
167 3 1 2 
695 3 1 2 
694 3 1 2 
2966 3 1 2 
352 3 1 2 
877 2 1 2 
4271 7 3 
7820 3 1 1 
4976 2 1 2 
682 3 1 1 
1522 7 3 
3113 2 1 2 
5224 3 1 1 
1819 2 1 2 
1723 3 1 1 
696 2 1 2 
2424 7 3 
827 3 1 1 
530 4 1 1 
3259 2 1 2 
3363 3 1 1 
369 2 1 1 
3332 2 1 2 
186 3 1 1 
3134 7 3 
1300 3 1 1 
270 2 1 2 
265 3 1 1 
263 2 1 2 
863 3 1 1 
560 3 1 1 
570 2 1 2 
285 2 1 2 
443 3 1 1 
149 3 1 1 
616 3 1 1 
318 2 1 2 
333 2 1 2 
514 3 1 1 
1621 3 1 2 
691 3 1 2 
1255 3 1 2 
3761 3 1 1 
924 7 3 
433 3 1 1 
160 3 1 1 
389 3 1 1 
1158 3 1 1 
1176 3 1 1  
394 2 1 2 
3 3 1 1 
393 3 1 1 
390 2 1 2 
774 3 1 1 
384 3 1 1 
1154 3 1 2 
190 2 1 2 
755 3 1 2 
2532 3 1 1 
1343 3 1 1 
361 3 1 1 
1095 3 1 1 
1639 3 1 1 
277 7 3 
230 3 1 1 
1702 3 1 2 
7246 3 1 2 
315 2 1 2 
1188 2 1 1 
313 3 1 1 
2372 3 1 1 
1476 2 1 1 
159 7 3 
34 3 1 1 
686 3 1 2 
196 2 1 2 
697 3 1 1 
198 3 1 1 
196 3 1 1 
1193 3 1 1 
297 3 1 1 
1507 3 1 1 
1656 3 1 1 
1030 2 1 2 
1360 3 1 1 
410 3 1 1 
1443 3 1 1 
654 3 1 1 
660 3 1 1 
320 2 1 2 
942 3 1 1 
315 3 1 1 
64 2 1 1 
885 3 1 1 
156 2 1 1 
99 7 3 
60 2 1 2 
630 3 1 1 
521 2 1 1 
149 3 1 1 
301 3 1 1 
1565 3 1 1 
740 3 1 1 
138 3 1 1 
61 2 1 2 
86 2 1 1 
272 2 1 2 
404 3 1 1 
77 3 1 1 
78 3 1 1 
308 2 1 2 
2 3 1 1 
302 3 1 1 
266 3 1 1 
301 2 1 2 
117 3 1 1 
471 3 1 1 
431 2 1 2 
420 3 1 1 
580 2 1 2 
682 2 1 2 
545 3 1 1 
1318 2 1 2 
1389 2 1 2 
2786 7 3 
1167 3 1 1 
2131 2 1 2 
656 3 1 1 
291 2 1 2 
1245 3 1 1 
1234 3 1 1 
1424 3 1 1 
718 3 1 1 
2707 2 1 2 
1058 3 1 1 
324 3 1 1 
322 2 1 2 
658 3 1 1 
1008 2 1 2 
2 3 1 1 
55 7 3 
541 2 1 2 
1606 2 1 2 
1309 4 1 1 
1001 2 1 2 
1832 3 1 2 
1898 2 1 2 
1472 2 1 2 
320 4 1 1 
627 3 1 1 
584 2 1 2 
139 3 1 1 
970 3 1 1 
466 3 1 1 
232 2 1 2 
249 2 1 2 
459 4 1 1 
1294 7 3 
282 2 1 2 
468 4 1 1 
999 2 1 2 
719 3 1 1 
318 2 1 2 
253 3 1 1 
535 2 1 2 
910 3 1 1 
576 2 1 2 
894 2 1 2 
383 3 1 1 
2021 3 1 1 
6643 7 3 
3265 3 1 2 
6899 3 1 2 
668 2 1 2 
3640 2 1 2 
527 7 3 
128 2 1 2 
326 3 1 2 
653 2 1 2 
4404 4 1 2 
356 3 1 2 
1772 2 1 2 
2074 4 1 2 
1603 2 1 2 
1291 3 1 2 
323 2 1 2 
645 4 1 2 
967 4 1 2 
457 7 3 
1479 2 1 2 
1290 3 1 2 
3220 2 1 2 
389 2 1 2 
1364 2 1 2 
3281 2 1 2 
2433 4 1 2 
1544 7 3 
803 2 1 2 
1439 4 1 2 
2500 4 1 2 
2432 4 1 2 
676 2 1 2 
1032 4 1 2 
4155 4 1 2 
345 2 1 2 
1617 7 3 
6557 2 1 2 
975 2 1 2 
3487 4 1 2 
3981 7 3 
9177 3 1 2 
1948 4 1 2 
955 4 1 2 
1958 3 1 2 
961 7 3 
1057 4 1 2 
1376 2 1 2 
394 2 1 2 
1703 3 1 2 
697 2 1 2 
4801 3 1 2 
1380 3 1 2 
3593 7 3 
587 2 1 2 
1372 3 1 2 
3022 4 1 2 
761 2 1 2 
2865 4 1 2 
6393 7 3 
534 2 1 2 
195 3 1 2 
1929 2 1 2 
3423 4 1 2 
2185 4 1 2 
1889 4 1 2 
174 4 1 2 
867 4 1 2 
1293 4 1 2 
333 2 1 2 
1730 2 1 2 
447 7 3 
247 2 1 2 
1370 3 1 2 
1355 3 1 2 
1011 4 1 2 
673 2 1 2 
1072 4 1 2 
3704 3 1 2 
1863 4 1 2 
1958 2 1 2 
1352 3 1 2 
395 7 3 
9468 4 1 2 
3899 4 1 2 
1633 7 3 
496 2 1 2 
2057 4 1 2 
2657 2 1 2 
974 2 1 2 
2337 2 1 2 
477 4 1 2 
692 2 1 2 
974 2 1 2 
2087 2 1 2 
354 4 1 2 
678 3 1 2 
972 2 1 2 
195 3 1 2 
50 7 3 
729 2 1 2 
195 3 1 2 
2630 4 1 2 
1440 3 1 2 
708 4 1 2 
711 3 1 2 
1419 4 1 2 
2146 4 1 2 
2818 2 1 2 
1 4 1 2 
2204 7 3 
353 4 1 2 
2270 4 1 2 
1189 2 1 2 
3697 2 1 2 
2017 4 1 2 
3400 4 1 2 
1387 4 1 2 
687 7 3 
680 4 1 2 
638 4 1 2 
639 2 1 2 
877 4 1 2 
977 4 1 2 
165 4 1 2 
826 4 1 2 
494 4 1 2 
493 4 1 2 
2930 2 1 2 
1167 2 1 2 
195 2 1 2 
584 3 1 2 
195 2 1 2 
1169 2 1 2 
973 2 1 2 
195 3 1 2 
389 3 1 2 
1169 3 1 2 
245 7 3 
4239 2 1 2 
5486 2 1 2 
5275 7 3 
1234 2 1 2 
3750 3 1 1 
226 2 1 2 
780 2 1 2 
973 2 1 2 
1947 2 1 2 
2474 2 1 2 
1730 3 1 1 
737 3 1 1 
1149 7 3 
1678 2 1 2 
605 4 1 2 
393 2 1 2 
1558 2 1 2 
4051 3 1 2 
477 4 1 2 
483 2 1 1 
323 2 1 2 
328 4 1 2 
826 4 1 2 
501 3 1 1 
1004 2 1 2 
508 4 1 2 
515 3 1 1 
588 2 1 1 
908 3 1 2 
169 3 1 2 
84 7 3 
771 3 1 2 
1240 2 1 2 
902 2 1 2 
1006 3 1 2 
909 3 1 2 
6708 2 1 1 
339 2 1 2 
338 2 1 2 
2594 2 1 2 
193 7 3 
1439 2 1 2 
327 2 1 1 
330 2 1 2 
499 2 1 1 
841 2 1 2 
1198 2 1 1 
223 2 1 2 
1360 2 1 2 
350 2 1 2 
174 2 1 1 
521 2 1 1 
1541 2 1 1 
168 2 1 2 
1714 2 1 2 
174 3 1 1 
877 2 1 2 
1059 2 1 1 
177 3 1 1 
178 2 1 2 
358 2 1 2 
721 2 1 2 
60 2 1 1 
708 7 3 
45 2 1 2 
722 2 1 2 
2 4 1 2 
355 2 1 2 
713 2 1 2 
360 4 1 2 
1413 2 1 2 
861 3 1 1 
166 3 1 1 
348 2 1 1 
781 4 1 2 
320 3 1 1 
3408 2 1 2 
342 3 1 1 
685 4 1 2 
343 2 1 2  
343 2 1 2 
346 3 1 1 
345 4 1 2 
1042 2 1 2 
343 2 1 2 
2 4 1 2 
690 2 1 1 
340 3 1 1 
353 2 1 1 
331 7 3 
347 4 1 2 
349 3 1 1 
347 2 1 2 
345 2 1 2 
690 4 1 2 
344 2 1 2 
345 2 1 2 
345 2 1 1 
1 3 1 1 
743 2 1 1 
646 3 1 1 
694 2 1 1 
2791 3 1 1 
348 2 1 2 
523 3 1 1 
173 4 1 2 
349 2 1 2 
350 2 1 2 
348 3 1 1 
697 2 1 1 
697 3 1 1 
352 3 1 1 
177 3 1 2 
177 2 1 2 
709 4 1 2 
4 3 1 2 
758 3 1 1 
310 2 1 2 
357 4 1 2 
356 2 1 2 
321 7 3 
35 4 1 2 
720 4 1 2 
365 3 1 1 
361 4 1 2 
365 4 1 2 
1099 4 1 2 
732 3 1 1 
366 4 1 2 
365 2 1 2 
731 3 1 1 
365 4 1 2 
370 4 1 2 
371 4 1 2 
1107 2 1 1 
367 4 1 2 
720 4 1 2 
695 2 1 2 
337 2 1 2 
673 4 1 2 
667 2 1 2 
331 4 1 2 
332 2 1 2 
663 2 1 2 
657 2 1 2 
60 2 1 1 
976 2 1 2 
330 2 1 1 
656 3 1 1 
3 4 1 2 
178 7 3 
93 4 1 2 
347 2 1 2 
331 2 1 2 
345 3 1 1 
353 4 1 2 
717 4 1 2 
357 2 1 2 
364 2 1 2 
371 3 1 1 
361 4 1 2 
366 3 1 1 
737 4 1 2 
368 3 1 1 
367 3 1 1 
366 3 1 1 
742 4 1 2 
739 3 1 1 
370 3 1 1 
743 4 1 2 
1486 4 1 2 
769 2 1 1 
1466 2 1 2 
1495 4 1 2 
1127 2 1 1 
216 7 3 
907 4 1 2 
375 2 1 2 
372 2 1 1 
369 4 1 2 
370 2 1 2 
371 4 1 2 
740 3 1 1 
374 3 1 1 
1126 3 1 1 
374 3 1 1 
751 2 1 2 
470 3 1 1 
373 2 1 2 
375 3 1 1 
376 3 1 1 
376 4 1 2 
748 4 1 2 
376 4 1 2 
1493 2 1 2 
4 4 1 2 
733 3 1 1 
733 2 1 1 
734 3 1 1 
371 4 1 2 
469 3 1 2 
653 4 1 2 
588 7 3 
2053 4 1 2 
1152 2 1 2 
389 4 1 2 
779 2 1 2 
1141 3 1 1 
750 4 1 2 
744 2 1 2 
2 3 1 1 
370 4 1 2 
732 2 1 2 
2 3 1 1 
365 3 1 1 
731 2 1 1 
367 3 1 1 
1098 3 1 1 
2 4 1 2 
1094 2 1 2 
732 2 1 2 
732 4 1 2 
1491 3 1 1 
274 7 3 
85 2 1 1 
3194 3 1 1 
1044 2 1 1 
176 3 1 1 
1241 2 1 1 
893 3 1 1 
535 2 1 2 
60 2 1 1 
1063 2 1 2 
1103 2 1 1 
370 4 1 2 
371 2 1 1 
1476 2 1 1 
1465 2 1 1 
1065 3 1 1 
855 7 3 
560 3 1 1 
1113 2 1 2 
1496 3 1 1 
736 2 1 1 
365 2 1 2 
739 3 1 1 
759 4 1 2 
1140 4 1 2 
754 3 1 1 
747 2 1 2 
756 4 1 2 
381 3 1 1 
388 3 1 1 
1161 3 1 1 
786 3 1 1 
403 2 1 2 
803 4 1 2 
794 3 1 1 
801 2 1 1 
319 7 3 
82 2 1 2 
1568 3 1 1 
381 2 1 1 
380 4 1 2 
1135 3 1 1 
752 4 1 2 
1116 3 1 1 
370 2 1 1 
370 4 1 2 
3813 2 1 1 
361 2 1 1 
4178 2 1 1 
495 7 3 
1412 2 1 1 
1890 3 1 1 
379 2 1 1 
4547 2 1 1 
3774 3 1 1 
1520 2 1 1 
1476 7 3 
41 2 1 1 
2288 3 1 1 
1547 3 1 1 
2291 2 1 1 
1233 2 1 2 
284 3 1 1 
1535 3 1 1 
3298 3 1 2 
2261 3 1 2 
221 7 3 
726 3 1 2 
1534 4 1 2 
731 3 1 2 
188 3 1 2 
583 4 1 2 
355 2 1 2 
940 2 1 2 
1311 4 1 2 
1398 4 1 2 
1643 2 1 2 
843 2 1 2 
681 3 1 2 
515 2 1 2 
3552 7 3 
1638 3 1 1 
732 2 1 1 
1877 2 1 1 
382 4 1 2 
384 2 1 1 
774 4 1 2 
1178 3 1 1 
798 2 1 1 
402 4 1 2 
799 4 1 2 
800 3 1 1 
402 4 1 2 
404 2 1 1 
1183 4 1 2 
788 3 1 1 
1506 2 1 2 
954 7 3 
422 2 1 2 
195 2 1 2 
968 3 1 2 
2497 3 1 2 
1318 2 1 2 
2329 2 1 2 
1336 2 1 1 
1983 3 1 2 
169 3 1 2 
1221 3 1 2 
343 3 1 2 
1140 2 1 2 
1079 7 3 
1184 2 1 2 
935 3 1 2 
1079 2 1 2 
988 2 1 2 
1115 4 1 2 
1193 2 1 2 
163 2 1 2 
993 4 1 2 
1297 4 1 2 
665 2 1 2 
289 2 1 2 
706 3 1 2 
4394 7 3 
114 4 1 2 
815 3 1 1 
476 3 1 1 
673 2 1 1 
708 4 1 2 
166 3 1 2 
157 3 1 1 
697 3 1 1 
1017 4 1 2 
673 3 1 1 
675 3 1 1 
1343 4 1 2 
1 2 1 1 
977 2 1 1 
320 4 1 2 
944 4 1 2 
1249 4 1 2 
1578 2 1 1 
2415 7 3 
351 2 1 2 
636 3 1 2 
4938 2 1 2 
317 3 1 2 
312 3 1 2 
471 3 1 2 
311 3 1 2 
776 2 1 2 
5833 2 1 1 
942 4 1 2 
113 7 3 
843 4 1 2 
315 2 1 2 
957 4 1 2 
1210 4 1 2 
513 4 1 2 
2253 2 1 2 
435 3 1 2 
2805 3 1 2 
651 3 1 2 
411 3 1 2 
584 2 1 2 
620 4 1 2 
2367 4 1 2 
1034 7 3 
293 4 1 2 
645 3 1 1 
642 2 1 1 
960 4 1 2 
640 3 1 1 
648 2 1 1 
1630 3 1 1 
652 2 1 1 
1323 4 1 2 
328 3 1 1 
641 2 1 1 
1 4 1 2 
1408 4 1 2 
148 2 1 1 
154 4 1 2 
306 4 1 2 
301 4 1 2 
454 2 1 1 
295 4 1 2 
298 4 1 2 
3029 2 1 2 
200 7 3 
109 3 1 2 
313 3 1 2 
469 3 1 2 
312 3 1 2 
1092 2 1 1 
1306 3 1 1 
17 4 1 2 
647 3 1 1 
1019 4 1 2 
340 4 1 2 
692 4 1 2 
349 4 1 2 
351 2 1 2 
1060 4 1 2 
353 3 1 1 
706 3 1 1 
353 4 1 2 
1368 3 1 1 
673 3 1 1 
2683 2 1 2 
790 7 3 
934 2 1 1 
1218 2 1 1 
1508 2 1 2 
1557 2 1 1 
1936 2 1 1 
329 2 1 1 
2556 2 1 1 
1860 3 1 1 
1074 2 1 1 
361 2 1 2 
1665 7 3 
1725 3 1 2 
1611 2 1 1 
1277 3 1 1 
319 3 1 1 
1296 3 1 1 
668 3 1 1 
1355 3 1 1 
317 2 1 1 
1242 2 1 1 
309 3 1 1 
307 3 1 1 
1816 3 1 1 
1154 3 1 1 
288 3 1 1 
874 2 1 1 
302 3 1 1 
139 7 3 
2175 2 1 2 
657 3 1 2 
4633 2 1 1 
315 2 1 1 
935 2 1 1 
310 3 1 1 
633 2 1 1 
628 2 1 2 
637 3 1 1 
316 2 1 1 
1307 2 1 1 
337 3 1 1 
337 3 1 1 
680 2 1 1 
676 3 1 1 
424 7 3 
245 3 1 1 
1449 2 1 2 
783 2 1 2 
438 3 1 2 
5326 2 1 2 
311 2 1 1 
3859 3 1 1 
278 2 1 1 
556 2 1 1 
555 3 1 1 
556 2 1 1 
644 7 3 
488 3 1 1 
257 2 1 1 
555 2 1 2 
833 3 1 1 
282 2 1 1 
297 2 1 1 
895 3 1 1 
297 2 1 1 
266 2 1 1 
1242 2 1 1 
1207 3 1 1 
707 2 1 1 
194 3 1 1 
941 3 1 1 
185 3 1 1 
761 3 1 1 
456 3 1 1 
665 2 1 1 
291 3 1 1 
246 3 1 1 
1033 3 1 1 
565 3 1 1 
1564 3 1 1 
771 7 3 
282 3 1 1 
2 2 1 1 
5930 2 1 2 
513 2 1 2 
480 3 1 2 
622 3 1 2 
632 3 1 2 
4684 2 1 1 
1856 7 3 
2738 2 1 1 
3240 3 1 2 
540 2 1 2 
417 3 1 2 
282 3 1 2 
442 3 1 2 
1847 3 1 2 
773 3 1 2 
828 3 1 2 
1093 2 1 2 
1360 3 1 1 
634 3 1 1 
806 7 3 
1931 2 1 2 
546 2 1 2 
340 3 1 2 
352 2 1 2 
623 2 1 2 
645 2 1 2 
1202 2 1 1 
201 3 1 1 
339 3 1 1 
1907 3 1 1 
635 3 1 1 
1377 3 1 1 
376 3 1 1 
1461 2 1 1 
469 3 1 1 
2597 7 3 
86 2 1 1 
1102 2 1 1 
824 3 1 1 
551 2 1 1 
254 
