92 7 3 
405 4 1 1 
2238 2 1 1 
665 7 3 
3445 4 1 1 
2904 2 1 1 
3231 2 1 1 
224 4 1 1 
888 2 1 1 
907 2 1 1 
721 2 1 1 
1239 3 1 2 
504 2 1 1 
514 4 1 1 
423 7 3 
1447 4 1 1 
2890 4 1 1 
3861 2 1 1 
680 3 1 2 
2501 2 1 1 
676 4 1 1 
1466 2 1 1 
460 4 1 2 
1020 7 3 
1172 2 1 1 
960 4 1 1 
6709 4 1 1 
2694 3 1 2 
489 4 1 2 
653 3 1 2 
2323 7 3 
3762 2 1 1 
771 4 1 1 
2281 4 1 1 
2745 2 1 1 
1430 4 1 1 
3755 7 3 
2079 4 1 2 
871 2 1 1 
1089 4 1 1 
4628 2 1 1 
1358 4 1 1 
4976 7 3 
920 2 1 1 
758 3 1 1 
753 4 1 1 
5604 3 1 1 
376 2 1 1 
1516 4 1 1 
1120 3 1 1 
1850 4 1 1 
2104 7 3 
882 2 1 1 
908 3 1 1 
536 3 1 1 
706 3 1 1 
1236 3 1 1 
175 3 1 1 
777 2 1 1 
159 3 1 1 
318 3 1 1 
3848 2 1 1 
1586 4 1 1 
410 3 1 1 
209 3 1 1 
2707 3 1 1 
543 7 3 
2605 2 1 1 
1515 4 1 1 
1682 3 1 1 
1285 2 1 1 
1466 2 1 1 
372 3 1 1 
1463 3 1 1 
366 3 1 1 
1304 3 1 1 
900 2 1 1 
260 3 1 1 
1280 3 1 1 
2 2 1 1 
501 7 3 
8601 3 1 1 
5542 4 1 2 
521 2 1 1 
335 7 3 
1226 4 1 1 
3007 3 1 1 
2851 2 1 1 
1346 4 1 1 
1802 4 1 2 
815 3 1 2 
84 4 1 1 
242 4 1 2 
2156 3 1 1 
354 2 1 1 
1119 7 3 
310 4 1 1 
2926 2 1 1 
4421 2 1 1 
1502 4 1 1 
4560 3 1 1 
1281 7 3 
232 2 1 1 
1487 4 1 1 
2998 2 1 1 
1519 3 1 1 
2 2 1 1 
3341 3 1 2 
5056 3 1 1 
366 7 3 
213 3 1 1 
5584 3 1 1 
4179 3 1 1 
5025 7 3 
392 3 1 1 
1361 3 1 1 
1404 2 1 1 
1361 4 1 1 
684 3 1 1 
2087 2 1 1 
1394 2 1 1 
1380 3 1 1 
2053 3 1 1 
691 2 1 1 
1393 2 1 1 
800 7 3 
2307 3 1 1 
967 2 1 1 
1056 2 1 1 
1951 3 1 1 
1091 2 1 1 
1097 2 1 1 
2136 3 1 1 
4394 7 3 
1398 4 1 1 
1043 3 1 1 
882 3 1 1 
2694 3 1 1 
1088 2 1 1 
1451 4 1 1 
1116 3 1 1 
1686 4 1 1 
2727 2 1 1 
661 7 3 
628 4 1 1 
2698 2 1 1 
546 3 1 2 
767 2 1 1 
2168 3 1 2 
3858 3 1 1 
2341 3 1 1 
782 3 1 1 
997 2 1 1 
216 7 3 
822 3 1 1 
1060 3 1 1 
1594 3 1 1 
528 2 1 1 
1061 2 1 1 
5354 3 1 1 
1592 4 1 1 
1142 3 1 1 
1846 7 3 
2235 2 1 1 
1371 4 1 1 
1358 3 1 1 
1352 4 1 1 
7302 2 1 1 
1381 7 3 
4535 3 1 1 
5444 3 1 1 
1071 3 1 1 
708 2 1 1 
884 3 1 1 
534 4 1 1 
361 3 1 1 
1464 7 3 
3796 3 1 2 
674 3 1 2 
1191 3 1 2 
351 3 1 2 
872 3 1 2 
3495 3 1 2 
697 3 1 2 
3924 7 3 
15000 7 3 
15000 7 3 
4435 3 1 2 
544 3 1 2 
183 3 1 2 
551 3 1 2 
9287 7 3 
8888 3 1 2 
1066 3 1 2 
181 3 1 2 
4865 7 3 
7189 3 1 2 
935 3 1 2 
6876 7 3 
2280 3 1 2 
499 3 1 2 
628 3 1 2 
151 3 1 2 
4369 3 1 2 
314 3 1 2 
6758 7 3 
1311 3 1 2 
11895 3 1 2 
156 3 1 2 
1638 7 3 
15000 7 3 
15000 7 3 
6547 3 1 2 
392 3 1 2 
8061 7 3 
15000 7 3 
4643 2 1 1 
4159 2 1 1 
5341 2 1 1 
857 7 3 
4467 2 1 1 
2103 3 1 2 
713 2 1 1 
3399 3 1 2 
958 3 1 2 
3361 7 3 
4887 3 1 2 
1882 3 1 2 
194 3 1 2 
973 3 1 2 
389 3 1 2 
1364 3 1 2 
2081 3 1 2 
810 3 1 2 
574 2 1 1 
1015 3 1 2 
830 7 3 
534 3 1 2 
3137 2 1 1 
760 3 1 2 
194 3 1 2 
472 2 1 1 
705 2 1 1 
3427 2 1 1 
689 2 1 1 
691 3 1 2 
1 2 1 1 
4190 2 1 1 
200 7 3 
1216 2 1 1 
4033 3 1 2 
2608 2 1 1 
1922 3 1 2 
313 3 1 2 
4908 7 3 
1108 2 1 1 
1728 3 1 2 
2460 2 1 1 
915 3 1 2 
7828 3 1 2 
961 7 3 
3126 2 1 1 
5526 2 1 1 
6349 7 3 
2129 2 1 1 
3766 2 1 1 
3646 2 1 1 
1120 2 1 1 
2535 3 1 2 
1364 3 1 2 
440 7 3 
6918 2 1 1 
164 3 1 2 
504 3 1 2 
2053 3 1 2 
2089 3 1 2 
764 2 1 1 
1362 3 1 2 
701 3 1 2 
447 7 3 
983 3 1 2 
1313 3 1 2 
342 3 1 2 
1344 3 1 2 
2973 3 1 2 
3701 3 1 2 
4292 3 1 2 
52 7 3 
640 3 1 2 
8202 2 1 1 
1581 3 1 2 
3654 2 1 1 
365 3 1 2 
559 7 3 
149 3 1 2 
5256 3 1 2 
973 3 1 2 
1953 3 1 2 
972 3 1 2 
192 3 1 2 
507 2 1 1 
273 3 1 2 
195 3 1 2 
778 3 1 2 
195 3 1 2 
959 3 1 2 
1575 3 1 2 
551 3 1 2 
473 7 3 
241 3 1 2 
1506 3 1 2 
3246 3 1 2 
2138 3 1 2 
701 2 1 1 
1435 3 1 2 
358 2 1 1 
1757 3 1 2 
707 3 1 2 
1416 3 1 2 
1492 7 3 
1710 3 1 2 
5389 2 1 1 
411 3 1 2 
3 2 1 1 
5085 3 1 2 
331 3 1 2 
1059 3 1 2 
329 3 1 2 
684 7 3 
1956 3 1 2 
1197 3 1 2 
166 2 1 1 
817 3 1 2 
989 3 1 2 
3783 3 1 2 
1364 3 1 2 
973 3 1 2 
390 3 1 2 
585 3 1 2 
389 3 1 2 
1169 3 1 2 
1219 7 3 
3018 2 1 1 
4517 2 1 1 
4659 2 1 1 
1259 2 1 1 
1547 7 3 
4041 3 1 2 
1364 3 1 2 
389 3 1 2 
589 3 1 2 
385 3 1 2 
585 3 1 2 
5023 2 1 1 
988 2 1 1 
1636 7 3 
2291 3 1 2 
581 3 1 2 
390 3 1 2 
195 3 1 2 
974 3 1 2 
10569 7 3 
1655 3 1 2 
896 3 1 2 
1004 3 1 2 
11445 7 3 
15000 7 3 
15000 7 3 
15000 7 3 
15000 7 3 
15000 7 3 
12835 3 1 2 
2165 7 3 
15000 7 3 
15000 7 3 
15000 7 3 
15000 7 3 
15000 7 3 
14025 3 1 2 
941 3 1 2 
34 7 3 
916 3 1 2 
2639 3 1 2 
938 3 1 2 
944 3 1 2 
4312 3 1 2 
1361 3 1 2 
685 3 1 2 
173 3 1 2 
3033 7 3 
14633 3 1 2 
367 7 3 
29 3 1 2 
979 3 1 2 
386 3 1 2 
4919 3 1 2 
1066 3 1 2 
1222 3 1 2 
1570 3 1 2 
2942 3 1 2 
967 3 1 2 
921 7 3 
3052 3 1 2 
842 3 1 2 
2261 3 1 2 
3005 3 1 2 
306 3 1 2 
715 3 1 2 
141 3 1 2 
4677 7 3 
15000 7 3 
194 3 1 2 
1591 3 1 2 
797 3 1 2 
4911 3 1 2 
782 3 1 2 
6724 7 3 
5981 3 1 2 
4699 3 1 2 
449 3 1 2 
3870 7 3 
14646 3 1 2 
354 7 3 
7955 4 1 1 
1223 4 1 1 
5821 7 3 
3357 4 1 1 
5171 4 1 1 
5851 4 1 1 
621 7 3 
4614 4 1 1 
1617 4 1 1 
2022 4 1 1 
5144 4 1 1 
1601 7 3 
1235 3 1 2 
778 3 1 2 
982 3 1 2 
1931 4 1 1 
1278 4 1 1 
3767 4 1 1 
1269 4 1 1 
3760 7 3 
245 4 1 1 
1609 3 1 2 
1340 3 1 2 
6666 4 1 1 
4496 4 1 1 
644 7 3 
6620 4 1 1 
3041 4 1 1 
4234 4 1 1 
1105 7 3 
6349 3 1 2 
257 3 1 2 
2536 3 1 2 
138 3 1 2 
4955 4 1 1 
765 7 3 
3446 4 1 1 
4516 3 1 2 
770 3 1 2 
2538 3 1 2 
919 4 1 1 
1361 4 1 1 
1440 7 3 
2041 3 1 2 
1009 3 1 2 
367 3 1 2 
247 3 1 2 
640 3 1 2 
4416 4 1 1 
814 4 1 1 
3365 4 1 1 
2103 7 3 
2288 4 1 1 
254 
