2878 3 1 1 
1835 7 3 
659 3 1 1 
4209 3 1 1 
2946 3 1 1 
1542 3 1 1 
1336 3 1 1 
1139 2 1 1 
739 3 1 1 
2431 7 3 
2390 3 1 1 
3110 3 1 1 
3990 3 1 1 
1073 3 1 1 
2188 3 1 1 
414 3 1 2 
163 2 1 1 
1671 7 3 
272 3 1 1 
3304 3 1 1 
2742 2 1 1 
326 3 1 2 
491 3 1 2 
161 2 1 1 
2527 3 1 1 
1386 2 1 1 
652 2 1 1 
328 3 1 2 
162 2 1 1 
815 3 1 2 
327 2 1 1 
326 2 1 1 
489 3 1 2 
694 7 3 
1465 2 1 1 
1281 3 1 1 
3141 3 1 1 
2505 3 1 1 
1066 2 1 1 
3235 3 1 1 
2308 7 3 
1590 3 1 2 
652 3 1 2 
2899 3 1 1 
1264 2 1 1 
292 2 1 1 
294 2 1 1 
147 2 1 1 
444 2 1 1 
300 2 1 1 
305 2 1 1 
639 2 1 1 
335 2 1 1 
1040 2 1 1 
172 2 1 1 
176 2 1 1 
886 3 1 1 
180 2 1 1 
366 2 1 1 
1107 2 1 1 
450 2 1 1 
686 4 1 2 
177 3 1 1 
191 2 1 1 
379 3 1 1 
28 7 3 
732 4 1 2 
380 2 1 1 
379 3 1 1 
5046 4 1 2 
186 2 1 1 
185 3 1 1 
188 2 1 1 
750 2 1 1 
188 2 1 1 
755 2 1 1 
189 2 1 1 
760 2 1 1 
379 2 1 1 
743 2 1 1 
186 2 1 1 
183 4 1 2 
185 3 1 1 
371 2 1 1 
184 2 1 1 
371 4 1 2 
554 2 1 1 
186 2 1 1 
371 2 1 1 
926 3 1 1 
621 7 3 
2148 2 1 1 
1237 2 1 1 
353 3 1 1 
3419 4 1 2 
710 2 1 1 
2266 3 1 1 
593 2 1 1 
1865 2 1 1 
210 3 1 1 
627 3 1 1 
1434 2 1 1 
139 7 3 
1060 3 1 1 
590 2 1 2 
577 2 1 2 
1711 2 1 2 
1121 2 1 2 
559 2 1 1 
2 3 1 1 
554 2 1 1 
183 2 1 1 
366 2 1 2 
548 2 1 2 
183 2 1 1 
366 3 1 1 
1107 2 1 2 
547 2 1 2 
548 3 1 1 
550 2 1 2 
549 2 1 1 
548 2 1 2 
549 2 1 2 
999 2 1 1 
361 2 1 1 
367 2 1 2 
738 2 1 1 
185 2 1 1 
132 7 3 
54 2 1 2 
374 3 1 1 
541 3 1 1 
173 2 1 1 
498 2 1 2 
468 2 1 2 
314 2 1 1 
153 3 1 1 
464 3 1 1 
508 2 1 2 
490 2 1 2 
465 3 1 1 
308 3 1 1 
152 2 1 2 
460 2 1 2 
459 2 1 2 
153 3 1 1 
1234 2 1 2 
479 2 1 2 
853 3 1 1 
180 2 1 2 
1289 3 1 1 
376 2 1 2 
566 2 1 2 
569 3 1 1 
1538 3 1 1 
1353 3 1 2 
530 7 3 
285 2 1 1 
490 3 1 2 
1974 3 1 1 
1305 2 1 2 
179 2 1 1 
366 2 1 2 
1094 3 1 1 
354 2 1 1 
175 2 1 2 
1542 2 1 2 
498 2 1 2 
499 3 1 1 
505 2 1 2 
505 3 1 1 
296 2 1 1 
815 2 1 1 
1603 3 1 1 
875 2 1 2 
520 2 1 2 
895 2 1 2 
166 7 3 
310 2 1 2 
728 2 1 2 
366 2 1 2 
63 2 1 1 
180 3 1 1 
183 3 1 1 
367 2 1 2 
365 2 1 2 
549 2 1 2 
186 2 1 1 
364 2 1 2 
186 2 1 2 
911 2 1 2 
551 2 1 2 
740 2 1 2 
184 3 1 1 
186 2 1 2 
185 3 1 1 
556 2 1 2 
370 2 1 2 
562 2 1 1 
2645 3 1 1 
382 4 1 2 
379 2 1 1 
195 2 1 1 
187 4 1 2 
379 2 1 1 
190 2 1 1 
569 2 1 1 
189 2 1 1 
570 2 1 1 
1 3 1 1 
189 2 1 1 
570 2 1 1 
191 2 1 1 
333 7 3 
232 2 1 1 
188 2 1 1 
187 2 1 1 
371 2 1 1 
185 2 1 1 
184 2 1 1 
371 2 1 1 
185 3 1 1 
185 4 1 2 
374 2 1 1 
188 3 1 1 
187 4 1 2 
188 4 1 2 
188 2 1 1 
2 3 1 1 
185 3 1 1 
374 4 1 2 
188 2 1 1 
190 3 1 1 
95 2 1 2 
278 4 1 2 
190 2 1 1 
190 3 1 1 
380 4 1 2 
189 2 1 1 
190 3 1 1 
380 2 1 2 
190 2 1 1 
190 2 1 1 
190 2 1 1 
62 2 1 2 
227 2 1 2 
152 2 1 1 
191 2 1 1 
193 2 1 1 
383 3 1 1 
192 2 1 1 
61 2 1 2 
191 4 1 2 
194 2 1 2 
192 2 1 1 
2 3 1 1 
189 2 1 1 
192 4 1 2 
2 2 1 2 
191 2 1 2 
1283 2 1 1 
816 2 1 1 
2272 2 1 2 
383 3 1 1 
194 2 1 2 
193 2 1 2 
628 7 3 
215 2 1 2 
573 2 1 1 
573 3 1 1 
375 4 1 2 
187 2 1 2 
188 2 1 1 
188 3 1 1 
183 2 1 2 
226 2 1 2 
124 4 1 2 
167 2 1 1 
168 3 1 1 
165 3 1 1 
158 2 1 2 
152 4 1 2 
152 2 1 1 
152 2 1 2 
142 3 1 1 
407 3 1 1 
131 2 1 1 
131 3 1 1 
132 4 1 2 
259 2 1 1 
129 2 1 1 
131 2 1 1 
258 4 1 2 
260 2 1 1 
260 2 1 1 
130 2 1 1 
131 2 1 1 
62 2 1 2 
196 3 1 1 
149 2 1 1 
109 2 1 2 
523 2 1 1 
260 3 1 1 
402 2 1 1 
840 2 1 1 
291 2 1 1 
148 2 1 2 
304 2 1 1 
151 2 1 1 
151 3 1 1 
320 2 1 2 
159 2 1 1 
322 3 1 1 
3626 2 1 2 
486 2 1 2 
72 7 3 
1410 2 1 2 
343 3 1 1 
4141 3 1 1 
3652 2 1 1 
518 3 1 1 
2744 4 1 2 
517 2 1 1 
174 3 1 1 
176 4 1 2 
697 3 1 1 
348 2 1 1 
281 7 3 
410 3 1 1 
175 2 1 1 
3 3 1 1 
167 2 1 2 
517 3 1 1 
517 2 1 2 
376 3 1 1 
483 4 1 2 
157 2 1 1 
316 2 1 1 
572 2 1 1 
131 2 1 1 
505 2 1 1 
369 2 1 2 
123 2 1 1 
121 2 1 1 
370 3 1 1 
364 2 1 1 
603 2 1 1 
665 2 1 1 
309 2 1 1 
298 4 1 2 
257 2 1 1 
133 3 1 1 
388 4 1 2 
138 2 1 1 
142 3 1 1 
429 2 1 2 
449 3 1 1 
154 3 1 1 
153 2 1 1 
482 3 1 1 
165 4 1 2 
512 2 1 2 
172 3 1 1 
352 4 1 2 
542 3 1 1 
181 3 1 1 
180 4 1 2 
181 2 1 2 
1269 3 1 1 
1170 7 3 
77 2 1 1 
2273 2 1 1 
699 3 1 1 
529 2 1 1 
179 2 1 1 
179 2 1 1 
534 2 1 1 
180 2 1 1 
356 4 1 2 
361 2 1 1 
362 2 1 1 
180 4 1 2 
3 3 1 1 
541 2 1 1 
180 2 1 1 
726 2 1 1 
184 2 1 1 
184 2 1 1 
365 4 1 2 
183 2 1 1 
361 3 1 1 
442 4 1 2 
336 2 1 1 
172 3 1 1 
340 2 1 2 
337 2 1 1 
1 3 1 1 
168 3 1 1 
337 2 1 1 
338 2 1 1 
336 3 1 1 
510 2 1 2 
498 2 1 2 
500 3 1 1 
571 2 1 2 
493 2 1 2 
983 7 3 
464 2 1 2 
1567 3 1 1 
483 2 1 2 
487 2 1 1 
1688 3 1 2 
325 2 1 1 
489 2 1 1 
816 2 1 1 
2516 2 1 2 
1222 3 1 1 
1065 2 1 1 
148 2 1 2 
1068 3 1 1 
2662 7 3 
1481 2 1 1 
401 3 1 1 
2254 2 1 1 
2329 3 1 1 
1297 2 1 1 
2131 3 1 1 
3260 3 1 1 
1607 2 1 1 
240 7 3 
812 3 1 1 
717 2 1 1 
1737 2 1 1 
1699 3 1 1 
1698 2 1 1 
1778 2 1 1 
3696 3 1 1 
371 2 1 2 
1481 2 1 1 
1011 7 3 
996 2 1 2 
548 2 1 2 
1 3 1 1 
372 2 1 1 
1124 3 1 1 
376 2 1 1 
375 2 1 2 
742 2 1 1 
5801 3 1 1 
1068 2 1 1 
3217 3 1 1 
380 7 3 
1066 3 1 1 
1386 3 1 1 
1016 2 1 1 
666 2 1 1 
674 2 1 1 
361 4 1 1 
319 2 1 1 
697 2 1 1 
175 2 1 1 
205 3 1 1 
3642 2 1 1 
543 4 1 1 
155 2 1 1 
1390 3 1 1 
1208 3 1 1 
1497 7 3 
4015 3 1 1 
2777 4 1 1 
1362 4 1 1 
2969 2 1 1 
998 4 1 1 
1357 4 1 1 
1522 7 3 
3473 2 1 1 
723 3 1 1 
2075 2 1 1 
2844 2 1 1 
693 3 1 1 
1379 2 1 1 
1389 4 1 1 
692 2 1 1 
686 4 1 1 
671 2 1 1 
374 7 3 
302 3 1 1 
1413 3 1 1 
715 2 1 1 
5167 3 1 1 
2604 2 1 1 
370 4 1 1 
741 2 1 1 
735 3 1 1 
1406 3 1 1 
635 2 1 1 
913 7 3 
1302 4 1 2 
533 3 1 1 
263 2 1 2 
863 3 1 1 
2310 4 1 1 
1307 4 1 1 
1620 2 1 1 
517 2 1 1 
1069 2 1 1 
1030 4 1 1 
2160 3 1 1 
1474 4 1 2 
380 2 1 1 
173 7 3 
206 2 1 2 
776 4 1 2 
386 2 1 1 
385 2 1 1 
779 4 1 2 
193 2 1 1 
202 2 1 1 
391 2 1 1 
395 2 1 2 
787 2 1 1 
388 2 1 1 
770 2 1 1 
383 2 1 1 
395 4 1 1 
179 2 1 1 
764 2 1 1 
190 2 1 1 
737 2 1 1 
2314 4 1 2 
337 2 1 1 
337 2 1 1 
696 2 1 1 
382 2 1 1 
364 4 1 2 
782 2 1 2 
2 4 1 1 
343 4 1 2 
347 2 1 2 
336 3 1 1 
341 2 1 1 
111 7 3 
570 4 1 2 
341 2 1 1 
345 2 1 1 
1189 2 1 1 
3737 3 1 1 
2683 2 1 1 
740 4 1 2 
136 2 1 1 
626 2 1 1 
624 2 1 2 
627 4 1 2 
311 2 1 1 
313 2 1 2 
627 3 1 1 
266 2 1 1 
670 2 1 2 
219 4 1 2 
205 2 1 2 
406 2 1 1 
361 7 3 
34 2 1 2 
395 4 1 2 
93 2 1 1 
106 2 1 1 
194 2 1 1 
198 2 1 1 
92 2 1 1 
105 2 1 1 
197 4 1 2 
197 2 1 2 
592 2 1 1 
196 2 1 2 
199 3 1 1 
196 3 1 1 
197 4 1 2 
810 2 1 2 
307 2 1 1 
305 2 1 2 
61 2 1 1 
295 3 1 1 
294 3 1 1 
276 4 1 2 
278 2 1 1 
279 4 1 2 
278 4 1 2 
272 2 1 1 
541 3 1 1 
264 2 1 2 
3 3 1 1 
252 2 1 1 
246 4 1 2 
245 4 1 2 
231 4 1 2 
231 2 1 1 
222 2 1 1 
215 3 1 1 
214 2 1 2 
797 2 1 2 
367 3 1 1 
352 2 1 1 
336 2 1 2 
329 2 1 2 
326 2 1 1 
330 2 1 1 
649 4 1 2 
313 2 1 2 
313 2 1 1 
631 2 1 2 
158 2 1 1 
158 2 1 1 
157 2 1 1 
159 2 1 1 
158 4 1 2 
156 2 1 2 
200 7 3 
60 2 1 2 
62 2 1 1 
164 2 1 1 
149 2 1 1 
160 2 1 1 
158 4 1 1 
234 4 1 2 
138 2 1 1 
295 4 1 2 
155 2 1 1 
146 2 1 2 
147 2 1 1 
145 4 1 1 
143 4 1 2 
139 2 1 1 
273 2 1 2 
136 2 1 1 
258 2 1 1 
125 4 1 2 
522 2 1 2 
110 2 1 1 
104 4 1 2 
104 2 1 1 
98 2 1 2 
198 3 1 1 
179 2 1 1 
90 2 1 1 
216 2 1 1 
80 2 1 2 
129 4 1 2 
69 2 1 1 
238 2 1 1 
72 2 1 2 
78 3 1 1 
78 3 1 1 
151 4 1 2 
338 2 1 1 
79 4 1 2 
98 3 1 1 
60 3 1 1 
62 4 1 2 
80 2 1 2 
190 2 1 1 
121 2 1 1 
160 3 1 1 
117 4 1 1 
164 4 1 2 
85 2 1 1 
91 4 1 2 
182 2 1 1 
92 2 1 2 
136 3 1 1 
228 2 1 1 
186 4 1 2 
86 2 1 2 
90 2 1 1 
91 4 1 2 
137 3 1 1 
95 3 1 1 
132 2 1 1 
228 4 1 2 
90 2 1 1 
138 2 1 1 
180 3 1 1 
93 2 1 1 
136 3 1 1 
89 2 1 1 
590 4 1 1 
228 2 1 1 
652 4 1 1 
426 2 1 1 
440 3 1 1 
1047 2 1 1 
1960 7 3 
83 4 1 1 
269 2 1 1 
817 3 1 1 
538 2 1 1 
62 2 1 2 
341 2 1 1 
296 2 1 1 
296 2 1 2 
297 2 1 1 
589 3 1 1 
655 2 1 1 
291 2 1 2 
292 2 1 1 
3 4 1 1 
657 2 1 2 
302 2 1 1 
302 4 1 2 
1 3 1 1 
310 2 1 2 
320 2 1 1 
740 3 1 1 
336 2 1 1 
1065 2 1 1 
680 2 1 2 
337 4 1 2 
1691 3 1 1 
1056 2 1 2 
324 3 1 1 
652 2 1 2 
329 4 1 2 
326 2 1 1 
683 2 1 1 
55 7 3 
543 4 1 1 
353 2 1 1 
265 2 1 1 
262 2 1 2 
248 4 1 1 
477 2 1 1 
541 2 1 1 
310 2 1 1 
986 2 1 1 
236 2 1 1 
1819 2 1 1 
212 3 1 1 
424 2 1 1 
1849 2 1 1 
551 2 1 2 
902 2 1 1 
316 2 1 1 
157 4 1 2 
155 3 1 1 
1122 2 1 2 
4 3 1 1 
450 2 1 1 
353 2 1 2 
231 4 1 1 
129 3 1 1 
354 3 1 1 
259 2 1 1 
99 4 1 2 
99 2 1 1 
246 2 1 2 
329 4 1 2 
274 2 1 2 
231 2 1 1 
145 2 1 1 
67 7 3 
32 2 1 1 
506 3 1 1 
106 2 1 1 
316 2 1 1 
272 2 1 1 
120 2 1 1 
109 4 1 1 
286 2 1 2 
1163 2 1 1 
128 2 1 1 
265 2 1 2 
270 3 1 1 
200 2 1 1 
855 2 1 1 
143 3 1 1 
1184 4 1 1 
533 2 1 1 
926 2 1 1 
1102 3 1 1 
630 2 1 1 
639 2 1 1 
1 3 1 1 
1298 4 1 1 
995 2 1 1 
346 4 1 1 
2576 7 3 
1927 4 1 1 
4107 4 1 1 
1392 4 1 1 
4075 4 1 1 
1323 4 1 1 
2177 7 3 
454 2 1 1 
1310 4 1 1 
1351 4 1 1 
1352 2 1 1 
3173 2 1 1 
1065 3 1 1 
1330 3 1 1 
1603 2 1 1 
968 3 1 1 
2393 7 3 
188 3 1 1 
323 2 1 1 
968 3 1 1 
3020 2 1 1 
1167 2 1 1 
3634 2 1 1 
2734 4 1 1 
1422 2 1 1 
520 2 1 1 
1024 7 3 
145 2 1 1 
974 2 1 1 
2552 2 1 1 
1344 2 1 1 
1480 4 1 1 
336 2 1 1 
1019 2 1 1 
3107 2 1 1 
1046 4 1 1 
2077 3 1 1 
919 7 3 
4265 2 1 1 
985 2 1 1 
979 2 1 1 
489 3 1 1 
1463 2 1 1 
967 2 1 1 
2436 3 1 1 
1 4 1 1 
278 2 1 1 
837 4 1 1 
1129 3 1 1 
708 3 1 1 
466 7 3 
2247 4 1 1 
1153 3 1 1 
2812 4 1 1 
954 3 1 1 
121 3 1 1 
884 3 1 1 
1259 2 1 1 
757 3 1 1 
1 4 1 1 
1254 3 1 1 
1285 3 1 1 
327 2 1 1 
986 3 1 1 
335 3 1 1 
626 7 3 
41 2 1 1 
340 4 1 1 
1364 4 1 1 
345 2 1 1 
3840 4 1 1 
346 2 1 1 
504 2 1 1 
500 4 1 1 
517 2 1 1 
2059 2 1 1 
517 3 1 1 
518 2 1 1 
1035 2 1 1 
2261 3 1 1 
815 7 3 
1104 2 1 1 
1995 2 1 1 
159 3 1 1 
791 2 1 1 
2746 2 1 1 
151 4 1 1 
751 2 1 1 
2802 2 1 1 
972 2 1 1 
2115 2 1 1 
1170 2 1 1 
244 7 3 
1119 2 1 1 
3002 3 1 1 
907 3 1 1 
534 3 1 1 
1018 2 1 1 
671 2 1 1 
845 2 1 1 
170 4 1 1 
341 2 1 1 
512 3 1 1 
176 2 1 1 
1377 2 1 1 
350 3 1 1 
384 2 1 1 
848 2 1 1 
568 2 1 1 
677 2 1 1 
353 4 1 1 
352 2 1 1 
698 2 1 1 
98 7 3 
593 2 1 1 
1024 2 1 1 
341 2 1 1 
1013 2 1 1 
674 2 1 1 
1012 2 1 1 
337 2 1 1 
1012 2 1 1 
648 2 1 1 
3692 2 1 1 
1594 3 1 1 
1983 2 1 1 
683 2 1 1 
395 7 3 
990 3 1 1 
1409 3 1 1 
1406 4 1 1 
1367 4 1 1 
2431 2 1 1 
927 3 1 1 
1573 4 1 1 
1306 2 1 1 
963 3 1 1 
320 3 1 1 
2307 7 3 
496 2 1 1 
1038 2 1 1 
340 3 1 1 
1390 3 1 1 
2531 2 1 1 
194 2 1 1 
779 2 1 1 
1053 2 1 1 
177 2 1 1 
329 2 1 1 
338 2 1 1 
1002 2 1 1 
1695 4 1 1 
692 2 1 1 
1403 2 1 1 
714 2 1 1 
195 2 1 1 
634 7 3 
339 2 1 1 
259 2 1 1 
521 2 1 1 
274 2 1 1 
706 2 1 1 
2 3 1 1 
365 2 1 1 
364 2 1 1 
361 2 1 1 
720 2 1 1 
355 2 1 1 
359 2 1 1 
1427 2 1 1 
357 2 1 1 
357 2 1 1 
706 2 1 1 
718 2 1 1 
354 2 1 1 
356 2 1 1 
1424 2 1 1 
351 2 1 1 
353 2 1 1 
706 2 1 1 
353 4 1 1 
357 2 1 1 
702 2 1 1 
357 2 1 1 
789 2 1 1 
354 2 1 1 
352 7 3 
31 3 1 1 
675 2 1 1 
687 2 1 1 
1231 4 1 1 
599 2 1 1 
590 4 1 1 
1190 3 1 1 
2506 2 1 1 
3 3 1 1 
1014 2 1 1 
324 4 1 1 
1372 3 1 1 
690 2 1 1 
681 2 1 1 
682 2 1 1 
1057 2 1 1 
326 3 1 1 
656 4 1 1 
401 2 1 1 
283 7 3 
41 2 1 1 
320 2 1 1 
322 3 1 1 
315 2 1 1 
319 3 1 1 
320 2 1 1 
322 3 1 1 
398 2 1 1 
317 3 1 1 
645 2 1 1 
326 3 1 1 
663 2 1 1 
326 4 1 1 
660 2 1 1 
329 2 1 1 
329 2 1 1 
1321 3 1 1 
1348 3 1 1 
6379 7 3 
145 2 1 1 
6296 3 1 1 
2169 4 1 1 
972 2 1 1 
286 2 1 1 
296 2 1 1 
770 3 1 1 
4037 2 1 1 
28 7 3 
484 2 1 1 
529 2 1 1 
222 3 1 1 
1422 4 1 1 
1774 2 1 1 
4482 4 1 1 
1365 4 1 1 
296 2 1 1 
1306 2 1 1 
2480 2 1 1 
640 7 3 
513 4 1 1 
295 2 1 1 
4791 2 1 1 
2685 2 1 1 
1447 2 1 1 
495 2 1 1 
663 3 1 1 
353 4 1 1 
482 2 1 1 
504 3 1 1 
315 4 1 1 
2458 7 3 
429 2 1 1 
174 2 1 1 
699 2 1 1 
889 2 1 1 
181 2 1 1 
836 2 1 1 
166 2 1 1 
731 2 1 1 
186 2 1 1 
720 2 1 1 
177 2 1 1 
2151 4 1 1 
1391 3 1 1 
1407 3 1 1 
2736 4 1 1 
806 4 1 1 
485 3 1 1 
484 2 1 1 
353 7 3 
136 2 1 1 
328 3 1 1 
165 4 1 1 
486 2 1 1 
486 2 1 1 
495 2 1 1 
1004 4 1 1 
505 2 1 1 
854 3 1 1 
703 2 1 1 
527 2 1 1 
177 3 1 1 
1397 2 1 1 
516 2 1 1 
853 4 1 1 
680 2 1 1 
517 2 1 1 
168 3 1 1 
344 2 1 1 
1043 2 1 1 
2 3 1 1 
528 3 1 1 
1596 2 1 1 
360 2 1 1 
179 3 1 1 
951 7 3 
767 2 1 1 
3 3 1 1 
533 3 1 1 
535 2 1 1 
360 2 1 1 
2 3 1 1 
736 2 1 1 
503 3 1 1 
172 4 1 1 
345 2 1 1 
1028 2 1 1 
508 3 1 1 
938 3 1 1 
1365 3 1 1 
1365 4 1 1 
1367 4 1 1 
1376 4 1 1 
349 2 1 1 
2291 2 1 1 
460 7 3 
3 2 1 1 
1041 4 1 1 
519 2 1 1 
171 2 1 1 
345 2 1 1 
344 4 1 1 
1208 2 1 1 
521 2 1 1 
2446 4 1 1 
1042 2 1 1 
135 4 1 1 
39 2 1 1 
176 3 1 1 
348 2 1 1 
348 2 1 1 
700 3 1 1 
520 2 1 1 
523 2 1 1 
1752 4 1 1 
178 2 1 1 
1297 3 1 1 
1343 7 3 
35 2 1 1 
2178 2 1 1 
732 4 1 1 
1467 3 1 1 
731 2 1 1 
732 3 1 1 
1112 2 1 1 
1805 2 1 1 
2 4 1 1 
678 2 1 1 
674 3 1 1 
1329 3 1 1 
3284 2 1 1 
241 7 3 
441 3 1 1 
1029 2 1 1 
179 2 1 1 
179 3 1 1 
360 3 1 1 
1097 2 1 1 
541 2 1 1 
551 3 1 1 
1656 2 1 1 
186 3 1 1 
185 3 1 1 
740 2 1 1 
186 2 1 1 
249 3 1 1 
120 2 1 1 
2 3 1 1 
556 2 1 1 
369 3 1 1 
184 2 1 1 
371 4 1 1 
186 2 1 1 
1328 2 1 1 
722 2 1 1 
748 3 1 1 
1493 3 1 1 
1313 2 1 1 
30 7 3 
157 2 1 1 
187 2 1 1 
188 2 1 1 
375 4 1 1 
189 2 1 1 
186 2 1 1 
185 2 1 1 
186 2 1 1 
369 4 1 1 
185 2 1 1 
371 2 1 1 
185 2 1 1 
380 2 1 1 
4 3 1 1 
176 2 1 1 
180 2 1 1 
188 3 1 1 
374 2 1 1 
187 2 1 1 
187 2 1 1 
188 3 1 1 
188 3 1 1 
190 2 1 1 
372 2 1 1 
187 2 1 1 
376 3 1 1 
1 2 1 1 
190 4 1 1 
466 2 1 1 
187 2 1 1 
187 2 1 1 
188 3 1 1 
375 2 1 1 
189 4 1 1 
185 2 1 1 
376 3 1 1 
186 2 1 1 
374 2 1 1 
185 2 1 1 
188 3 1 1 
186 3 1 1 
2 2 1 1 
562 2 1 1 
188 2 1 1 
369 2 1 1 
185 2 1 1 
4 3 1 1 
183 2 1 1 
183 4 1 1 
182 2 1 1 
367 2 1 1 
184 2 1 1 
178 2 1 1 
184 4 1 1 
96 2 1 1 
86 2 1 1 
368 2 1 1 
184 2 1 1 
285 2 1 1 
456 4 1 1 
284 2 1 1 
1055 7 3 
157 3 1 1 
757 2 1 1 
762 3 1 1 
1733 2 1 1 
69 2 1 1 
505 4 1 1 
195 2 1 1 
391 2 1 1 
194 2 1 1 
2 4 1 1 
372 2 1 1 
189 2 1 1 
376 2 1 1 
187 2 1 1 
376 4 1 1 
193 2 1 1 
181 2 1 1 
186 2 1 1 
739 2 1 1 
183 3 1 1 
183 3 1 1 
732 2 1 1 
366 3 1 1 
365 2 1 1 
367 2 1 1 
183 2 1 1 
209 3 1 1 
156 2 1 1 
369 4 1 1 
184 2 1 1 
361 3 1 1 
732 2 1 1 
184 2 1 1 
365 3 1 1 
548 2 1 1 
551 2 1 1 
556 2 1 1 
566 3 1 1 
174 2 1 1 
101 7 3 
1533 4 1 1 
1363 2 1 1 
33 4 1 1 
524 2 1 1 
521 2 1 1 
1053 4 1 1 
176 2 1 1 
358 2 1 1 
535 2 1 1 
1072 4 1 1 
534 2 1 1 
528 2 1 1 
367 4 1 1 
182 2 1 1 
923 2 1 1 
187 2 1 1 
555 2 1 1 
2014 2 1 1 
900 2 1 1 
908 2 1 1 
183 3 1 1 
376 2 1 1 
172 7 3 
930 3 1 1 
185 2 1 1 
370 2 1 1 
562 2 1 1 
376 4 1 1 
188 2 1 1 
1110 2 1 1 
548 3 1 1 
548 2 1 1 
570 3 1 1 
378 2 1 1 
191 2 1 1 
570 3 1 1 
380 3 1 1 
189 2 1 1 
564 2 1 1 
560 2 1 1 
188 4 1 1 
188 2 1 1 
189 3 1 1 
570 2 1 1 
578 4 1 1 
576 2 1 1 
584 3 1 1 
393 3 1 1 
1403 2 1 1 
197 3 1 1 
394 3 1 1 
1519 7 3 
282 2 1 1 
599 2 1 1 
386 4 1 1 
1333 2 1 1 
192 3 1 1 
1508 3 1 1 
6789 2 1 1 
759 4 1 1 
759 2 1 1 
760 3 1 1 
380 2 1 1 
1142 3 1 1 
112 7 3 
653 2 1 1 
380 2 1 1 
1140 2 1 1 
379 2 1 1 
376 4 1 1 
1134 2 1 1 
376 3 1 1 
4559 4 1 1 
380 2 1 1 
1127 3 1 1 
375 2 1 1 
1128 3 1 1 
2657 2 1 1 
338 7 3 
1181 2 1 1 
379 3 1 1 
1547 3 1 1 
961 3 1 1 
577 4 1 1 
378 2 1 1 
1142 4 1 1 
379 3 1 1 
1140 3 1 1 
1535 3 1 1 
5781 7 3 
3743 2 1 1 
936 2 1 1 
948 2 1 1 
1803 3 1 1 
1365 2 1 1 
1121 2 1 1 
173 2 1 1 
4699 4 1 1 
212 7 3 
1272 3 1 1 
367 2 1 1 
731 3 1 1 
365 3 1 1 
374 2 1 1 
379 2 1 1 
2298 4 1 1 
391 2 1 1 
1190 2 1 1 
1197 2 1 1 
399 3 1 1 
2399 2 1 1 
390 2 1 1 
394 4 1 1 
2854 7 3 
2354 2 1 1 
2297 2 1 1 
193 3 1 1 
1104 2 1 1 
326 3 1 1 
931 2 1 1 
469 4 1 1 
405 2 1 1 
1395 2 1 1 
3802 2 1 1 
1110 2 1 1 
616 7 3 
1719 2 1 1 
132 2 1 1 
665 2 1 1 
954 2 1 1 
282 2 1 1 
727 2 1 1 
1358 2 1 1 
473 2 1 1 
3408 2 1 1 
3060 4 1 1 
1658 3 1 1 
295 3 1 1 
268 7 3 
431 2 1 1 
316 3 1 1 
329 2 1 1 
330 2 1 1 
672 2 1 1 
344 3 1 1 
26 2 1 1 
844 2 1 1 
165 4 1 1 
699 2 1 1 
331 2 1 1 
336 3 1 1 
676 2 1 1 
673 3 1 1 
673 2 1 1 
336 2 1 1 
333 2 1 1 
329 2 1 1 
968 4 1 1 
317 3 1 1 
936 3 1 1 
1301 3 1 1 
586 2 1 1 
3046 7 3 
509 2 1 1 
160 2 1 1 
637 2 1 1 
957 2 1 1 
1681 4 1 1 
1268 4 1 1 
2436 2 1 1 
155 2 1 1 
621 2 1 1 
1158 4 1 1 
2169 4 1 1 
937 4 1 1 
342 2 1 1 
597 2 1 1 
189 2 1 1 
1185 7 3 
203 3 1 1 
966 2 1 1 
308 3 1 1 
482 2 1 1 
157 2 1 1 
628 4 1 1 
298 3 1 1 
284 4 1 1 
264 2 1 1 
249 4 1 1 
1921 2 1 1 
441 2 1 1 
540 2 1 1 
782 2 1 1 
797 2 1 1 
1269 2 1 1 
128 2 1 1 
2224 4 1 1 
329 4 1 1 
333 2 1 1 
416 2 1 1 
267 3 1 1 
514 2 1 1 
840 3 1 1 
362 7 3 
343 2 1 1 
779 2 1 1 
140 2 1 1 
966 2 1 1 
313 2 1 1 
929 2 1 1 
34 3 1 1 
650 3 1 1 
104 2 1 1 
222 2 1 1 
326 2 1 1 
1 3 1 1 
1304 2 1 1 
328 3 1 1 
208 2 1 1 
121 2 1 1 
332 2 1 1 
309 2 1 1 
29 4 1 1 
1285 4 1 1 
493 2 1 1 
135 2 1 1 
416 2 1 1 
1411 2 1 1 
265 2 1 1 
624 2 1 1 
2933 7 3 
1517 2 1 1 
158 2 1 1 
1926 3 1 1 
252 2 1 1 
745 2 1 1 
83 2 1 1 
257 2 1 1 
345 3 1 1 
1033 4 1 1 
757 2 1 1 
294 2 1 1 
1765 2 1 1 
696 2 1 1 
344 3 1 1 
340 3 1 1 
1347 4 1 1 
3140 7 3 
4586 3 1 1 
1269 2 1 1 
1 3 1 1 
641 2 1 1 
321 2 1 1 
1356 3 1 1 
728 2 1 1 
377 2 1 1 
760 3 1 1 
754 4 1 1 
739 3 1 1 
2151 2 1 1 
695 2 1 1 
621 7 3 
2058 2 1 1 
1598 2 1 1 
319 2 1 1 
1276 3 1 1 
325 2 1 1 
325 3 1 1 
1335 3 1 1 
341 3 1 1 
340 3 1 1 
1274 2 1 1 
307 3 1 1 
619 2 1 1 
614 2 1 1 
303 3 1 1 
304 3 1 1 
301 2 1 1 
297 4 1 1 
304 3 1 1 
284 2 1 1 
291 3 1 1 
1156 3 1 1 
288 2 1 1 
298 3 1 1 
441 7 3 
1692 2 1 1 
644 2 1 1 
824 2 1 1 
2246 2 1 1 
478 4 1 1 
640 2 1 1 
1565 3 1 1 
312 2 1 1 
313 2 1 1 
1097 2 1 1 
158 2 1 1 
631 2 1 1 
1281 2 1 1 
161 2 1 1 
165 2 1 1 
1012 2 1 1 
339 2 1 1 
680 3 1 1 
761 7 3 
1525 3 1 1 
489 2 1 1 
154 2 1 1 
3910 3 1 1 
1263 3 1 1 
1526 2 1 1 
2152 3 1 1 
839 2 1 1 
277 3 1 1 
278 3 1 1 
833 2 1 1 
278 2 1 1 
833 4 1 1 
277 2 1 1 
367 7 3 
189 2 1 1 
300 3 1 1 
813 2 1 1 
277 2 1 1 
986 2 1 1 
148 2 1 1 
597 2 1 1 
298 2 1 1 
836 2 1 1 
258 2 1 1 
251 3 1 1 
242 3 1 1 
656 3 1 1 
244 2 1 1 
94 2 1 1 
93 2 1 1 
339 3 1 1 
245 2 1 1 
309 3 1 1 
663 2 1 1 
207 3 1 1 
697 2 1 1 
91 2 1 1 
376 3 1 1 
868 2 1 1 
114 2 1 1 
114 3 1 1 
515 4 1 1 
247 2 1 1 
490 3 1 1 
271 3 1 1 
836 3 1 1 
294 2 1 1 
617 3 1 1 
486 2 1 1 
938 7 3 
282 2 1 1 
1422 3 1 1 
5141 2 1 1 
608 2 1 1 
627 2 1 1 
123 2 1 1 
529 2 1 1 
817 2 1 1 
1413 3 1 1 
1092 3 1 1 
2182 2 1 1 
764 7 3 
448 3 1 1 
742 3 1 1 
370 4 1 1 
371 3 1 1 
974 3 1 1 
181 3 1 1 
1288 4 1 1 
218 4 1 1 
1519 2 1 1 
2158 2 1 1 
772 2 1 1 
774 2 1 1 
781 2 1 1 
1262 2 1 1 
513 2 1 1 
513 2 1 1 
339 3 1 1 
664 3 1 1 
154 2 1 1 
608 2 1 1 
352 7 3 
1609 2 1 1 
537 2 1 1 
110 2 1 1 
1663 2 1 1 
128 2 1 1 
666 2 1 1 
2020 3 1 1 
270 2 1 1 
522 3 1 1 
2 2 1 1 
321 3 1 1 
118 2 1 1 
754 2 1 1 
435 2 1 1 
378 3 1 1 
753 3 1 1 
485 2 1 1 
101 2 1 1 
203 3 1 1 
197 4 1 1 
216 3 1 1 
223 2 1 1 
221 2 1 1 
718 3 1 1 
247 4 1 1 
264 2 1 1 
547 2 1 1 
275 3 1 1 
276 2 1 1 
739 7 3 
88 3 1 1 
549 2 1 1 
551 2 1 1 
1927 2 1 1 
275 3 1 1 
549 2 1 1 
550 3 1 1 
254 
