15000 7 3 
13002 3 1 2 
1998 7 3 
6484 3 1 2 
4889 3 1 2 
1630 3 1 2 
978 3 1 2 
1019 7 3 
15000 7 3 
1101 3 1 2 
163 4 1 2 
13736 7 3 
15000 7 3 
15000 7 3 
15000 7 3 
15000 7 3 
448 3 1 2 
10108 3 1 2 
4444 7 3 
15000 7 3 
12024 3 1 2 
2976 7 3 
15000 7 3 
15000 7 3 
15000 7 3 
15000 7 3 
4360 3 1 2 
817 4 1 2 
656 3 1 2 
158 4 1 2 
652 3 1 2 
815 3 1 2 
7542 7 3 
15000 7 3 
15000 7 3 
15000 7 3 
3965 2 1 2 
676 2 1 2 
673 2 1 2 
1394 2 1 2 
2971 2 1 2 
874 2 1 2 
4446 7 3 
4356 2 1 2 
4129 2 1 2 
6515 7 3 
2032 2 1 2 
8642 2 1 2 
2078 2 1 2 
2044 2 1 2 
204 7 3 
301 2 1 2 
1591 2 1 2 
537 2 1 2 
2915 2 1 2 
554 2 1 2 
7028 2 1 2 
2074 7 3 
2229 2 1 2 
1722 2 1 2 
1792 2 1 2 
2798 2 1 2 
1053 2 1 2 
5406 7 3 
593 2 1 2 
968 2 1 2 
2937 2 1 2 
582 2 1 2 
2859 2 1 2 
3522 2 1 2 
3539 7 3 
2108 2 1 2 
830 2 1 2 
157 2 1 2 
618 2 1 2 
4842 2 1 2 
6445 7 3 
12886 2 1 2 
1226 2 1 2 
888 7 3 
2776 2 1 2 
9964 2 1 2 
2260 7 3 
1767 2 1 2 
5363 2 1 2 
6149 2 1 2 
1722 7 3 
235 2 1 2 
1184 2 1 2 
1269 2 1 2 
3729 2 1 2 
662 2 1 2 
135 2 1 2 
4254 2 1 2 
1065 2 1 2 
715 2 1 2 
1541 2 1 2 
210 7 3 
1463 2 1 2 
763 2 1 2 
1975 2 1 2 
284 2 1 2 
1163 2 1 2 
1610 2 1 2 
2208 2 1 2 
2279 2 1 2 
3255 7 3 
9488 2 1 2 
5513 7 3 
8704 2 1 2 
6296 7 3 
188 2 1 2 
3549 2 1 2 
1150 2 1 2 
907 2 1 2 
1558 2 1 2 
1363 2 1 2 
1170 2 1 2 
4675 2 1 2 
183 2 1 2 
256 7 3 
923 2 1 2 
4879 2 1 2 
3770 2 1 2 
5428 7 3 
15000 7 3 
4622 2 1 2 
10378 7 3 
4180 2 1 2 
2764 2 1 2 
8056 7 3 
12807 2 1 2 
1364 2 1 2 
829 7 3 
15000 7 3 
15000 7 3 
15000 7 3 
8717 2 1 2 
390 2 1 2 
973 2 1 2 
974 2 1 2 
3946 7 3 
15000 7 3 
3221 2 1 2 
1779 2 1 2 
10000 7 3 
3319 2 1 2 
6370 2 1 2 
1364 2 1 2 
780 2 1 2 
974 2 1 2 
1752 2 1 2 
441 7 3 
6441 2 1 2 
5753 2 1 2 
2806 7 3 
2285 2 1 2 
1563 2 1 2 
973 2 1 2 
194 2 1 2 
1169 2 1 2 
973 2 1 2 
4971 2 1 2 
2232 2 1 2 
640 7 3 
2483 2 1 2 
2726 2 1 2 
195 2 1 2 
2236 2 1 2 
6766 2 1 2 
167 2 1 2 
426 7 3 
868 2 1 2 
3410 2 1 2 
834 2 1 2 
7505 2 1 2 
1614 2 1 2 
514 7 3 
2761 2 1 2 
1012 2 1 2 
342 2 1 2 
1045 2 1 2 
1057 2 1 2 
700 2 1 2 
1373 2 1 2 
341 2 1 2 
1709 2 1 2 
1749 2 1 2 
354 2 1 2 
2252 2 1 2 
304 7 3 
226 2 1 2 
2152 2 1 2 
175 2 1 2 
1402 2 1 2 
342 2 1 2 
1469 2 1 2 
3389 2 1 2 
340 2 1 2 
1026 2 1 2 
1729 2 1 2 
1212 2 1 2 
516 2 1 2 
1022 7 3 
2 2 1 2 
521 2 1 2 
1211 2 1 2 
863 2 1 2 
861 2 1 2 
399 2 1 2 
295 2 1 2 
4534 2 1 2 
1396 2 1 2 
347 2 1 2 
1399 2 1 2 
706 2 1 2 
1783 2 1 2 
678 7 3 
1847 2 1 2 
1098 2 1 2 
733 2 1 2 
6796 2 1 2 
2648 2 1 2 
1878 7 3 
599 2 1 2 
2130 2 1 2 
2203 2 1 2 
1286 2 1 2 
371 2 1 2 
370 2 1 2 
1111 2 1 2 
1110 2 1 2 
3357 2 1 2 
1873 2 1 2 
589 7 3 
533 2 1 2 
2613 2 1 2 
1108 2 1 2 
1876 2 1 2 
1218 2 1 2 
1125 2 1 2 
1126 2 1 2 
374 2 1 2 
2491 2 1 2 
85 2 1 2 
840 2 1 2 
1611 7 3 
2820 2 1 2 
774 2 1 2 
2670 2 1 2 
1116 2 1 2 
1830 2 1 2 
1098 2 1 2 
1097 2 1 2 
1647 2 1 2 
551 2 1 2 
1397 7 3 
2927 2 1 2 
5855 2 1 2 
2221 2 1 2 
3997 7 3 
372 2 1 2 
557 2 1 2 
1493 2 1 2 
746 2 1 2 
2221 2 1 2 
2270 2 1 2 
1126 2 1 2 
2899 2 1 2 
2397 2 1 2 
919 7 3 
881 2 1 2 
577 2 1 2 
1332 2 1 2 
2252 2 1 2 
9958 7 3 
6709 2 1 2 
8291 7 3 
2718 2 1 2 
5350 2 1 2 
3692 2 1 2 
378 2 1 2 
190 2 1 2 
2071 2 1 2 
188 2 1 2 
414 7 3 
347 2 1 2 
190 2 1 2 
760 2 1 2 
1508 2 1 2 
7789 2 1 2 
169 2 1 2 
858 2 1 2 
3379 7 3 
6965 2 1 2 
797 2 1 2 
3601 2 1 2 
3073 2 1 2 
564 7 3 
3699 2 1 2 
1327 2 1 2 
1465 2 1 2 
2807 2 1 2 
1047 2 1 2 
350 2 1 2 
870 2 1 2 
701 2 1 2 
2733 7 3 
1453 2 1 2 
931 2 1 2 
12617 7 3 
2783 2 1 2 
852 2 1 2 
173 2 1 2 
340 2 1 2 
10852 7 3 
1146 2 1 2 
797 2 1 2 
4141 2 1 2 
627 2 1 2 
156 2 1 2 
8133 7 3 
2743 2 1 2 
2686 2 1 2 
111 2 1 2 
1093 2 1 2 
2827 2 1 2 
659 2 1 2 
141 2 1 2 
570 2 1 2 
3807 2 1 2 
363 7 3 
8722 2 1 2 
6232 2 1 2 
46 7 3 
578 2 1 2 
156 2 1 2 
626 2 1 2 
3238 2 1 2 
7263 2 1 2 
2387 2 1 2 
753 7 3 
5855 2 1 2 
9145 7 3 
1892 2 1 2 
7918 2 1 2 
5191 7 3 
1385 2 1 2 
11161 2 1 2 
2454 7 3 
2627 2 1 2 
147 2 1 2 
7674 2 1 2 
4552 7 3 
3310 2 1 2 
5899 2 1 2 
5791 7 3 
6077 2 1 2 
1252 2 1 2 
624 2 1 2 
645 2 1 2 
6403 7 3 
2249 2 1 2 
1196 2 1 2 
2397 2 1 2 
815 2 1 2 
142 2 1 2 
566 2 1 2 
147 2 1 2 
603 2 1 2 
774 2 1 2 
772 2 1 2 
773 2 1 2 
4064 2 1 2 
503 7 3 
2590 2 1 2 
113 2 1 2 
589 2 1 2 
14208 7 3 
254 
