3852 7 3 
2052 2 1 2 
6852 2 1 2 
2234 2 1 1 
1680 2 1 1 
742 2 1 2 
761 2 1 1 
680 7 3 
3291 2 1 2 
3497 2 1 2 
8213 7 3 
15000 7 3 
2236 3 1 1 
1526 3 1 1 
1287 3 1 1 
2664 3 1 1 
2459 3 1 1 
3603 3 1 1 
1225 7 3 
7734 3 1 1 
933 3 1 1 
2410 3 1 1 
1083 3 1 1 
2622 3 1 1 
217 7 3 
921 3 1 1 
6364 3 1 1 
1505 3 1 1 
2997 3 1 1 
1851 3 1 1 
1363 7 3 
2110 3 1 1 
393 3 1 2 
176 3 1 1 
883 3 1 2 
353 3 1 1 
176 3 1 1 
709 3 1 1 
4940 3 1 2 
586 3 1 2 
398 3 1 1 
609 3 1 1 
626 3 1 2 
842 3 1 1 
835 3 1 1 
1364 7 3 
5246 3 1 1 
1291 3 1 2 
490 3 1 1 
60 3 1 2 
548 3 1 2 
549 3 1 1 
1838 3 1 1 
183 3 1 1 
916 3 1 1 
183 3 1 2 
1280 3 1 2 
375 3 1 1 
987 3 1 2 
183 3 1 1 
871 7 3 
54 3 1 2 
375 3 1 1 
365 3 1 2 
517 3 1 1 
6610 3 1 1 
1774 3 1 1 
1884 3 1 1 
3421 7 3 
2371 3 1 1 
3676 3 1 1 
2383 3 1 2 
6571 7 3 
5063 3 1 1 
9938 7 3 
5096 3 1 1 
7617 3 1 1 
632 3 1 1 
1656 7 3 
3001 3 1 2 
333 3 1 1 
460 3 1 2 
702 3 1 2 
1044 3 1 2 
1626 3 1 2 
261 3 1 1 
391 3 1 1 
682 3 1 1 
720 3 1 1 
453 3 1 2 
5049 3 1 2 
278 7 3 
59 3 1 2 
2039 3 1 1 
1385 3 1 2 
1374 3 1 2 
6403 3 1 1 
1717 3 1 2 
1045 3 1 1 
870 3 1 1 
107 7 3 
239 3 1 2 
4214 3 1 2 
614 3 1 2 
973 3 1 2 
1638 3 1 2 
1360 3 1 2 
755 3 1 1 
982 3 1 1 
882 3 1 1 
722 3 1 2 
2620 7 3 
953 3 1 2 
872 3 1 1 
522 3 1 1 
2124 3 1 1 
896 3 1 2 
3710 3 1 2 
508 3 1 1 
5414 7 3 
2998 3 1 1 
9677 3 1 1 
1553 3 1 1 
771 7 3 
2146 3 1 2 
664 3 1 1 
397 3 1 1 
1594 3 1 2 
1280 3 1 1 
4339 3 1 1 
3360 3 1 2 
1220 7 3 
1529 3 1 1 
1737 3 1 1 
3051 3 1 2 
1052 3 1 2 
7632 7 3 
814 3 1 1 
1854 3 1 1 
5519 3 1 1 
1792 3 1 1 
2840 3 1 2 
2181 7 3 
15000 7 3 
3320 3 1 1 
1734 3 1 1 
4420 3 1 1 
2314 3 1 1 
3212 7 3 
1308 3 1 1 
7806 3 1 1 
2590 3 1 2 
524 3 1 1 
1553 3 1 2 
508 3 1 1 
711 7 3 
2071 3 1 1 
715 3 1 1 
179 3 1 1 
5569 3 1 2 
555 3 1 2 
556 3 1 2 
1110 3 1 2 
186 3 1 1 
1105 3 1 1 
349 3 1 1 
1057 3 1 2 
1548 7 3 
1485 3 1 2 
1615 3 1 2 
420 3 1 1 
1750 3 1 2 
1998 3 1 2 
7558 3 1 1 
174 7 3 
1368 3 1 1 
2534 3 1 1 
7230 3 1 1 
1416 3 1 2 
528 3 1 1 
606 3 1 2 
1309 7 3 
15000 7 3 
6661 3 1 1 
5226 3 1 1 
1278 3 1 1 
316 3 1 1 
1262 3 1 1 
257 7 3 
1063 3 1 1 
1444 3 1 1 
520 3 1 1 
2740 3 1 1 
886 3 1 1 
1261 3 1 1 
823 3 1 1 
860 3 1 1 
181 3 1 1 
818 3 1 1 
469 3 1 1 
866 3 1 1 
1292 3 1 1 
253 3 1 1 
1522 7 3 
2406 3 1 1 
297 3 1 1 
2492 3 1 1 
1528 3 1 1 
740 3 1 1 
4853 3 1 1 
640 3 1 1 
653 3 1 2 
654 3 1 1 
327 3 1 1 
412 7 3 
539 3 1 1 
356 3 1 1 
526 3 1 2 
250 3 1 2 
239 3 1 1 
1089 3 1 1 
226 3 1 1 
524 3 1 2 
472 3 1 1 
472 3 1 1 
4106 3 1 1 
276 3 1 1 
277 3 1 2 
942 3 1 1 
311 3 1 1 
585 3 1 1 
538 3 1 1 
322 3 1 1 
946 3 1 1 
955 3 1 1 
183 3 1 1 
62 3 1 2 
177 3 1 2 
627 7 3 
32 3 1 1 
506 3 1 1 
424 3 1 2 
499 3 1 1 
764 3 1 2 
559 3 1 1 
790 3 1 2 
341 3 1 1 
283 3 1 1 
574 3 1 1 
581 3 1 2 
293 3 1 1 
306 3 1 1 
690 3 1 2 
1242 3 1 2 
316 3 1 2 
315 3 1 2 
1593 3 1 2 
319 3 1 2 
655 3 1 2 
1342 3 1 2 
2576 7 3 
15000 7 3 
15000 7 3 
2446 4 1 2 
12554 7 3 
2421 2 1 1 
3731 2 1 1 
1186 2 1 1 
855 4 1 2 
347 2 1 1 
1205 2 1 1 
3121 2 1 1 
172 4 1 2 
1962 7 3 
5577 2 1 1 
1630 2 1 1 
649 2 1 1 
1130 2 1 1 
1574 2 1 1 
1997 2 1 1 
986 2 1 1 
1456 7 3 
4509 2 1 1 
7247 4 1 2 
326 2 1 1 
2918 7 3 
8822 2 1 1 
3966 2 1 1 
2212 7 3 
10338 2 1 1 
4663 7 3 
9983 4 1 2 
5017 7 3 
11295 2 1 1 
3309 2 1 1 
396 7 3 
2046 2 1 1 
2451 2 1 1 
10503 7 3 
15000 7 3 
5339 2 1 1 
3207 4 1 2 
3 2 1 1 
4957 2 1 1 
1495 7 3 
10567 2 1 1 
1709 2 1 1 
2724 7 3 
681 4 1 2 
14319 7 3 
9297 2 1 1 
5104 2 1 1 
599 7 3 
10277 2 1 1 
3574 2 1 1 
1149 7 3 
12230 4 1 2 
2770 7 3 
15000 7 3 
15000 7 3 
3261 3 1 1 
9681 3 1 1 
2058 7 3 
1390 3 1 1 
6253 3 1 1 
1742 3 1 1 
5616 7 3 
2583 3 1 1 
12417 7 3 
1117 3 1 1 
13883 7 3 
9972 3 1 1 
5028 7 3 
15000 7 3 
15000 7 3 
15000 7 3 
15000 7 3 
15000 7 3 
15000 7 3 
15000 7 3 
15000 7 3 
15000 7 3 
15000 7 3 
15000 7 3 
15000 7 3 
15000 7 3 
15000 7 3 
15000 7 3 
15000 7 3 
6897 3 1 1 
5345 3 1 2 
865 3 1 2 
1893 7 3 
4251 3 1 2 
3368 3 1 2 
3307 3 1 2 
3485 3 1 2 
589 7 3 
10157 3 1 2 
861 3 1 2 
2228 3 1 2 
833 3 1 2 
921 7 3 
611 3 1 2 
968 3 1 2 
2996 3 1 2 
839 3 1 2 
2031 3 1 2 
1965 3 1 2 
2554 3 1 2 
996 3 1 2 
2040 7 3 
1525 3 1 2 
1220 3 1 2 
12255 7 3 
12884 3 1 2 
677 3 1 2 
1439 7 3 
7003 3 1 2 
1417 3 1 2 
1019 3 1 2 
657 3 1 2 
1393 3 1 2 
2511 7 3 
86 3 1 2 
254 
