8119 3 1 2 
3480 2 1 2 
1466 3 1 2 
1936 7 3 
7133 3 1 2 
6684 3 1 2 
1183 7 3 
6970 3 1 2 
5869 3 1 2 
2161 7 3 
1979 3 1 2 
512 4 1 1 
763 3 1 2 
1018 4 1 1 
261 3 1 2 
1097 4 1 1 
286 3 1 2 
2219 4 1 1 
2854 4 1 1 
724 3 1 2 
3031 7 3 
1427 3 1 2 
978 3 1 2 
6103 2 1 1 
823 4 1 1 
520 2 1 1 
1406 2 1 1 
1459 2 1 1 
184 4 1 1 
1126 3 1 2 
973 7 3 
6167 3 1 2 
742 3 1 2 
563 2 1 1 
1128 2 1 1 
569 3 1 2 
381 2 1 1 
377 3 1 2 
2600 3 1 2 
185 2 1 1 
2288 7 3 
3032 4 1 1 
353 3 1 2 
1834 4 1 1 
4326 4 1 1 
389 3 1 2 
392 3 1 2 
2052 3 1 2 
2622 7 3 
2605 3 1 2 
190 3 1 2 
570 3 1 2 
1131 4 1 1 
1121 3 1 2 
2 2 1 1 
553 3 1 2 
1280 4 1 1 
548 3 1 2 
370 3 1 2 
555 3 1 2 
369 3 1 2 
728 3 1 2 
1098 2 1 1 
731 3 1 2 
732 3 1 2 
182 3 1 2 
632 2 1 1 
364 4 1 1 
736 4 1 1 
371 3 1 2 
132 7 3 
614 2 1 1 
530 3 1 2 
497 4 1 1 
624 3 1 2 
776 3 1 2 
843 4 1 1 
619 3 1 2 
919 4 1 1 
613 3 1 2 
306 2 1 1 
459 3 1 2 
154 4 1 1 
631 3 1 2 
669 3 1 2 
1066 3 1 2 
561 3 1 2 
4752 3 1 2 
367 7 3 
3496 3 1 2 
1651 3 1 2 
182 3 1 2 
364 2 1 1 
1048 3 1 2 
342 3 1 2 
173 3 1 2 
506 3 1 2 
999 4 1 1 
672 3 1 2 
2427 3 1 2 
966 4 1 1 
1053 3 1 2 
357 3 1 2 
176 2 1 1 
178 4 1 1 
1 3 1 2 
358 3 1 2 
50 7 3 
492 2 1 1 
364 3 1 2 
548 3 1 2 
548 3 1 2 
183 4 1 1 
550 3 1 2 
547 2 1 1 
915 3 1 2 
183 2 1 1 
547 3 1 2 
554 2 1 1 
442 3 1 2 
298 4 1 1 
741 3 1 2 
1127 3 1 2 
741 3 1 2 
3226 2 1 1 
759 2 1 1 
763 2 1 1 
756 2 1 1 
190 4 1 1 
524 7 3 
1348 3 1 2 
1116 3 1 2 
1874 3 1 2 
189 2 1 1 
569 3 1 2 
379 3 1 2 
190 2 1 1 
570 3 1 2 
759 4 1 1 
386 2 1 1 
383 3 1 2 
385 3 1 2 
1912 3 1 2 
814 3 1 2 
816 3 1 2 
1209 3 1 2 
256 2 1 1 
509 3 1 2 
193 4 1 1 
769 3 1 2 
193 2 1 1 
173 7 3 
405 3 1 2 
383 3 1 2 
193 2 1 1 
192 4 1 1 
377 3 1 2 
561 2 1 1 
597 3 1 2 
293 3 1 2 
166 2 1 1 
476 3 1 2 
445 2 1 1 
407 3 1 2 
261 4 1 1 
1300 3 1 2 
847 3 1 2 
131 3 1 2 
260 2 1 1 
260 3 1 2 
395 2 1 1 
139 2 1 1 
139 3 1 2 
132 3 1 2 
140 3 1 2 
143 2 1 1 
432 3 1 2 
445 2 1 1 
774 3 1 2 
481 3 1 2 
503 3 1 2 
1766 3 1 2 
1955 7 3 
392 3 1 2 
506 2 1 1 
513 3 1 2 
514 3 1 2 
518 3 1 2 
176 3 1 2 
349 2 1 1 
189 4 1 1 
673 3 1 2 
1716 3 1 2 
522 3 1 2 
524 3 1 2 
1744 4 1 1 
693 4 1 1 
1721 4 1 1 
1024 3 1 2 
688 3 1 2 
1038 3 1 2 
352 3 1 2 
347 3 1 2 
802 7 3 
65 3 1 2 
1035 3 1 2 
345 4 1 1 
534 3 1 2 
1435 2 1 1 
143 3 1 2 
894 3 1 2 
738 3 1 2 
487 3 1 2 
121 3 1 2 
120 3 1 2 
542 3 1 2 
284 3 1 2 
76 2 1 1 
552 4 1 1 
831 3 1 2 
551 3 1 2 
428 3 1 2 
766 2 1 1 
165 3 1 2 
165 3 1 2 
165 3 1 2 
512 3 1 2 
523 3 1 2 
361 3 1 2 
1989 4 1 1 
359 4 1 1 
813 7 3 
603 3 1 2 
5307 4 1 1 
181 2 1 1 
1086 2 1 1 
1 4 1 1 
547 3 1 2 
1863 3 1 2 
1181 3 1 2 
168 2 1 1 
506 3 1 2 
1504 4 1 1 
1554 3 1 2 
160 3 1 2 
317 2 1 1 
19 7 3 
955 3 1 2 
584 3 1 2 
492 2 1 1 
2167 3 1 2 
2934 3 1 2 
2318 3 1 2 
1672 4 1 1 
754 3 1 2 
801 3 1 2 
1553 3 1 2 
771 7 3 
554 3 1 2 
2654 3 1 2 
1328 4 1 1 
4561 3 1 2 
5328 3 1 2 
335 3 1 2 
240 7 3 
451 4 1 1 
723 3 1 2 
1755 4 1 1 
1024 3 1 2 
1011 4 1 1 
670 3 1 2 
332 3 1 2 
2116 3 1 2 
1796 3 1 2 
359 4 1 1 
1718 3 1 2 
183 4 1 1 
2761 2 1 1 
102 7 3 
447 3 1 2 
1098 3 1 2 
559 3 1 2 
563 3 1 2 
563 2 1 1 
563 3 1 2 
1484 3 1 2 
370 4 1 1 
415 3 1 2 
321 3 1 2 
5373 4 1 1 
2 3 1 2 
1418 3 1 2 
361 4 1 1 
1463 7 3 
3803 2 1 1 
5573 2 1 1 
653 3 1 2 
4971 7 3 
5403 2 1 1 
698 3 1 2 
691 3 1 2 
2685 2 1 1 
657 3 1 2 
660 2 1 1 
665 2 1 1 
3055 3 1 2 
348 2 1 1 
138 7 3 
220 3 1 2 
1089 2 1 1 
1442 2 1 1 
1084 3 1 2 
4503 2 1 1 
2509 3 1 2 
1033 2 1 1 
1731 3 1 2 
1390 7 3 
1003 3 1 2 
3793 3 1 2 
731 3 1 2 
1688 3 1 2 
765 3 1 2 
1112 2 1 1 
738 3 1 2 
371 3 1 2 
3731 3 1 2 
1069 7 3 
2700 3 1 2 
1391 2 1 1 
284 3 1 2 
2202 3 1 2 
1386 2 1 1 
1412 2 1 1 
1121 3 1 2 
3213 3 1 2 
367 3 1 2 
370 3 1 2 
554 7 3 
206 2 1 1 
1546 3 1 2 
776 3 1 2 
2357 2 1 1 
384 3 1 2 
2631 2 1 1 
580 3 1 2 
2812 3 1 2 
1078 2 1 1 
714 3 1 2 
1915 7 3 
2615 3 1 2 
638 3 1 2 
612 3 1 2 
4003 2 1 1 
2499 3 1 2 
4633 7 3 
429 2 1 1 
789 3 1 2 
4341 3 1 2 
556 2 1 1 
1577 3 1 2 
476 3 1 2 
454 3 1 2 
432 2 1 1 
2832 3 1 2 
330 2 1 1 
832 3 1 2 
116 3 1 2 
946 2 1 1 
317 3 1 2 
571 7 3 
690 3 1 2 
372 2 1 1 
596 3 1 2 
294 3 1 2 
282 3 1 2 
137 2 1 1 
404 2 1 1 
252 2 1 1 
315 3 1 2 
97 2 1 1 
110 3 1 2 
215 3 1 2 
203 2 1 1 
558 3 1 2 
205 3 1 2 
889 3 1 2 
150 3 1 2 
682 3 1 2 
398 2 1 1 
614 3 1 2 
238 2 1 1 
811 3 1 2 
227 3 1 2 
634 2 1 1 
590 3 1 2 
1744 3 1 2 
2288 2 1 1 
1007 7 3 
894 3 1 2 
272 2 1 1 
943 3 1 2 
1480 3 1 2 
1238 3 1 2 
962 3 1 2 
614 3 1 2 
1061 2 1 1 
682 3 1 2 
359 3 1 2 
3479 3 1 2 
1623 3 1 2 
656 2 1 1 
326 3 1 2 
411 7 3 
235 3 1 2 
307 2 1 1 
1128 3 1 2 
477 3 1 2 
542 2 1 1 
311 3 1 2 
456 3 1 2 
293 2 1 1 
2415 3 1 2 
643 3 1 2 
547 3 1 2 
3549 3 1 2 
565 3 1 2 
584 3 1 2 
714 3 1 2 
941 2 1 1 
667 3 1 2 
183 3 1 2 
444 7 3 
282 3 1 2 
680 2 1 1 
1025 3 1 2 
120 2 1 1 
360 3 1 2 
1446 3 1 2 
284 2 1 1 
1154 3 1 2 
147 2 1 1 
1757 2 1 1 
313 3 1 2 
1737 2 1 1 
2104 3 1 2 
3589 7 3 
9142 3 1 2 
2027 3 1 2 
3831 7 3 
7998 3 1 2 
5900 3 1 2 
1102 7 3 
5406 3 1 2 
3505 3 1 2 
1364 3 1 2 
4676 3 1 2 
49 7 3 
1165 3 1 2 
2149 3 1 1 
357 2 1 2 
370 3 1 2 
880 3 1 2 
1055 3 1 2 
518 2 1 2 
338 3 1 2 
343 2 1 2 
505 2 1 2 
341 2 1 2 
346 3 1 2 
516 2 1 2 
345 3 1 2 
344 2 1 2 
520 3 1 2 
342 2 1 2 
349 2 1 2 
524 3 1 2 
347 2 1 2 
349 2 1 2 
174 3 1 2 
343 2 1 2 
693 3 1 2 
169 2 1 2 
349 2 1 2 
707 2 1 2 
181 2 1 2 
380 7 3 
3933 3 1 2 
1317 2 1 2 
3 3 1 2 
652 3 1 2 
161 2 1 2 
326 2 1 2 
656 2 1 2 
160 2 1 2 
325 3 1 2 
648 2 1 2 
161 3 1 2 
322 3 1 2 
483 3 1 2 
162 2 1 2 
157 3 1 2 
314 2 1 2 
313 2 1 2 
313 3 1 2 
462 3 1 2 
292 2 1 2 
284 2 1 2 
419 3 1 1 
2 2 1 2 
276 2 1 2 
278 3 1 2 
421 2 1 2 
281 3 1 2 
283 2 1 2 
424 3 1 2 
282 2 1 2 
283 2 1 2 
427 2 1 2 
144 3 1 2 
38 7 3 
106 2 1 2 
714 3 1 1 
3232 3 1 2 
344 3 1 2 
451 2 1 2 
448 3 1 2 
337 3 1 2 
461 2 1 2 
349 2 1 2 
1476 3 1 1 
251 2 1 2 
1260 2 1 2 
252 3 1 1 
1760 2 1 2 
1285 3 1 2 
654 2 1 2 
329 2 1 2 
1291 7 3 
41 2 1 2 
3435 3 1 2 
2450 3 1 2 
1381 2 1 2 
660 2 1 2 
345 3 1 2 
682 2 1 2 
689 2 1 2 
1035 2 1 2 
690 2 1 2 
691 3 1 2 
692 3 1 2 
352 2 1 2 
1859 7 3 
4517 3 1 2 
3639 3 1 2 
913 3 1 2 
315 3 1 2 
316 3 1 2 
961 2 1 2 
1951 3 1 2 
1170 3 1 2 
1218 7 3 
145 3 1 2 
9493 3 1 2 
2852 3 1 1 
1009 3 1 2 
1403 3 1 1 
98 7 3 
10657 3 1 2 
959 3 1 2 
645 2 1 2 
660 2 1 2 
665 3 1 2 
336 3 1 2 
1078 7 3 
294 2 1 2 
696 3 1 2 
352 2 1 2 
1412 2 1 2 
735 2 1 2 
317 3 1 2 
1367 2 1 2 
609 3 1 2 
600 3 1 2 
5029 3 1 2 
3590 7 3 
5020 3 1 2 
9980 7 3 
145 3 1 2 
1955 3 1 1 
732 3 1 2 
723 2 1 2 
358 2 1 2 
713 3 1 1 
714 2 1 2 
715 2 1 2 
358 2 1 2 
719 2 1 2 
701 3 1 2 
1435 3 1 2 
1410 3 1 2 
1411 2 1 2 
2911 7 3 
1393 3 1 2 
3607 2 1 2 
1279 3 1 2 
1925 2 1 2 
1322 2 1 2 
695 3 1 2 
691 2 1 2 
681 3 1 2 
1331 3 1 2 
1387 2 1 2 
687 7 3 
681 2 1 2 
1280 3 1 2 
713 2 1 2 
1301 2 1 2 
1320 3 1 2 
658 3 1 2 
660 2 1 2 
658 2 1 2 
1056 3 1 2 
780 3 1 2 
195 3 1 2 
711 3 1 2 
1363 2 1 2 
612 2 1 2 
1989 3 1 2 
196 3 1 2 
829 7 3 
5339 3 1 2 
3271 3 1 2 
1115 3 1 2 
4996 3 1 2 
279 7 3 
4235 3 1 2 
2351 2 1 2 
1201 3 1 1 
384 2 1 2 
739 3 1 2 
1367 2 1 2 
1107 2 1 2 
992 3 1 2 
492 2 1 2 
496 3 1 2 
1596 3 1 2 
40 7 3 
808 3 1 1 
2843 3 1 2 
194 3 1 2 
780 3 1 2 
195 3 1 2 
973 3 1 2 
5095 3 1 2 
1344 3 1 2 
2768 7 3 
1476 3 1 2 
10061 3 1 2 
1661 3 1 2 
320 3 1 2 
322 3 1 2 
1160 7 3 
136 3 1 2 
328 3 1 2 
1302 3 1 2 
1334 3 1 2 
1359 3 1 2 
1053 3 1 2 
1751 3 1 2 
690 3 1 2 
339 3 1 2 
1364 3 1 2 
343 3 1 2 
1386 3 1 2 
1059 3 1 2 
2557 7 3 
406 3 1 2 
2146 3 1 2 
383 3 1 2 
1361 3 1 2 
340 3 1 2 
346 2 1 2 
335 3 1 2 
768 3 1 2 
2727 3 1 2 
1022 3 1 2 
1718 3 1 2 
1043 3 1 2 
1379 3 1 2 
340 3 1 2 
351 3 1 2 
3 2 1 2 
331 7 3 
696 3 1 2 
2417 3 1 2 
7318 3 1 2 
697 2 1 2 
349 3 1 2 
705 3 1 2 
709 3 1 2 
182 3 1 2 
176 3 1 2 
405 3 1 2 
1345 7 3 
393 2 1 2 
363 3 1 2 
1458 3 1 2 
369 3 1 2 
728 3 1 2 
1098 3 1 2 
732 3 1 2 
4667 3 1 2 
1333 3 1 2 
1325 3 1 2 
1636 3 1 2 
328 3 1 2 
171 2 1 2 
399 7 3 
1116 3 1 2 
1070 3 1 2 
1096 2 1 2 
1464 2 1 2 
7046 3 1 2 
1490 3 1 2 
1129 3 1 2 
2 2 1 2 
587 7 3 
3145 3 1 1 
548 3 1 1 
560 3 1 2 
188 3 1 1 
188 2 1 2 
376 3 1 2 
188 3 1 1 
189 3 1 1 
749 3 1 1 
282 3 1 1 
749 3 1 1 
190 3 1 1 
688 3 1 2 
62 3 1 1 
187 3 1 1 
749 3 1 1 
748 3 1 1 
188 3 1 2 
374 3 1 1 
373 3 1 1 
548 3 1 1 
367 3 1 1 
183 3 1 2 
367 3 1 1 
364 3 1 1 
471 3 1 2 
84 3 1 1 
372 3 1 1 
1523 7 3 
2434 3 1 2 
1355 3 1 1 
976 3 1 1 
2799 3 1 1 
915 3 1 1 
365 3 1 2 
1831 3 1 2 
547 3 1 1 
916 2 1 2 
1836 3 1 1 
369 3 1 2 
657 7 3 
1178 3 1 2 
3144 3 1 1 
353 2 1 2 
2315 3 1 1 
886 3 1 2 
356 3 1 2 
2400 3 1 1 
920 3 1 1 
2717 3 1 1 
731 7 3 
188 3 1 1 
2795 3 1 1 
921 3 1 1 
2624 2 1 2 
189 3 1 1 
941 3 1 2 
751 2 1 2 
1135 3 1 2 
770 2 1 2 
1172 3 1 1 
1001 3 1 1 
2514 7 3 
15000 7 3 
9375 3 1 2 
5625 7 3 
11568 3 1 2 
3432 7 3 
3931 3 1 2 
936 3 1 2 
4372 3 1 2 
5761 7 3 
9764 3 1 2 
805 3 1 2 
4431 7 3 
1969 3 1 2 
2493 3 1 2 
1119 3 1 2 
1269 3 1 2 
1401 3 1 2 
1574 3 1 2 
3773 3 1 2 
1402 7 3 
1050 3 1 2 
1734 3 1 2 
8094 3 1 2 
4122 7 3 
2077 3 1 2 
1043 3 1 2 
861 3 1 2 
11019 7 3 
1465 3 1 2 
639 3 1 2 
6476 3 1 2 
3649 3 1 1 
1717 3 1 2 
645 3 1 1 
410 7 3 
381 3 1 1 
2370 3 1 1 
788 3 1 1 
2111 3 1 2 
672 3 1 2 
527 3 1 2 
7726 3 1 1 
426 7 3 
1840 3 1 2 
63 3 1 1 
781 3 1 1 
2374 3 1 1 
795 3 1 1 
2202 3 1 1 
623 3 1 1 
1630 3 1 1 
537 3 1 2 
65 3 1 1 
1091 3 1 1 
587 3 1 1 
2414 7 3 
3010 3 1 1 
2466 3 1 1 
799 3 1 1 
3209 3 1 2 
5515 7 3 
1547 3 1 2 
13453 7 3 
7578 3 1 2 
4063 3 1 2 
3359 7 3 
935 3 1 2 
599 3 1 2 
966 3 1 2 
12411 3 1 2 
89 7 3 
1367 3 1 2 
4711 3 1 2 
8922 7 3 
7838 3 1 2 
7088 3 1 2 
75 7 3 
6966 3 1 2 
613 3 1 2 
1294 3 1 2 
541 3 1 2 
5586 7 3 
449 3 1 2 
2127 3 1 2 
1348 3 1 2 
2323 3 1 2 
2179 3 1 2 
770 3 1 2 
774 3 1 2 
797 3 1 2 
1777 3 1 2 
2245 3 1 2 
211 7 3 
1716 3 1 2 
2858 3 1 2 
7581 3 1 2 
1545 7 3 
254 
